
Using the parameter settings in the file: 
''15200/clumpp.paramfile''

Parameter settings
----------------------- Main parameters -------------------------
DATATYPE = 0
INDFILE = 15200/ClumppIndFile
POPFILE = 
OUTFILE = 15200/ClumppIndFile.output
MISCFILE = 15200/ClumppIndFile.misc
K = 13
C = 121
R = 30
M = 3
W = 0
S = 2
- Additional options for the Greedy and LargeKGreedy algorithms -
GREEDY_OPTION = 2
REPEATS = 2000
PERMUTATIONFILE = 
----------------------- Optional outputs ------------------------
PRINT_PERMUTED_DATA = 1
PERMUTED_DATAFILE = arabid.perm_datafile
PRINT_EVERY_PERM = 0
EVERY_PERMFILE = 
PRINT_RANDOM_INPUTORDER = 0
RANDOM_INPUTORDERFILE = 
----------------------- Advanced options ------------------------
OVERRIDE_WARNINGS = 0
ORDER_BY_RUN = 1


In total, 2000 configurations of runs and clusters will be tested.

Results
------------------------------
The highest value of H' is: 0.49693153037157

The list of permutations of the clusters that produces that
H' value is (runs are listed sequentially on separate rows)

1 2 3 4 5 6 7 8 9 10 11 12 13 
9 13 7 12 10 2 5 3 4 1 11 6 8 
3 2 4 13 6 10 5 8 7 9 11 12 1 
3 1 4 2 6 8 10 5 12 13 11 9 7 
2 5 11 12 13 1 8 4 6 7 3 9 10 
3 10 2 5 11 6 7 8 9 1 13 12 4 
10 8 4 1 7 5 6 12 2 9 3 13 11 
2 7 10 3 9 4 6 11 1 5 13 12 8 
9 8 2 6 1 11 5 4 12 7 3 10 13 
6 10 9 8 7 5 11 13 1 3 2 12 4 
8 5 6 13 10 7 11 1 4 2 12 9 3 
3 11 13 5 1 7 8 4 9 2 10 6 12 
1 12 4 9 6 13 11 5 10 3 8 7 2 
7 5 12 2 13 6 9 8 3 1 10 4 11 
6 3 5 13 12 4 7 11 8 10 1 9 2 
3 8 9 11 7 4 6 12 13 1 10 5 2 
6 13 11 1 4 2 12 3 10 8 7 9 5 
9 12 3 7 13 2 8 10 1 11 5 6 4 
1 3 2 4 11 7 13 8 6 5 12 10 9 
8 9 12 1 7 11 5 10 3 6 2 13 4 
5 4 7 2 3 8 1 9 12 10 13 6 11 
5 4 8 6 3 7 13 12 10 1 9 11 2 
1 2 3 12 8 7 5 4 10 13 9 11 6 
11 3 13 2 7 1 4 5 10 6 12 8 9 
11 12 3 6 10 7 2 4 8 13 9 1 5 
2 3 1 9 12 6 11 7 10 8 4 5 13 
6 5 7 3 10 8 4 12 2 13 11 9 1 
6 8 11 9 3 4 13 7 5 10 12 2 1 
2 13 11 12 1 3 9 10 8 6 7 4 5 
4 8 1 13 3 9 11 12 7 6 5 2 10 

The pairwise G' values for each pair of runs where the clusters
of each run are permuted according to the list of permutations above

1.0000 0.4135 0.4629 0.5222 0.4337 0.5358 0.5620 0.4258 0.5495 0.4956 0.4714 0.5991 0.5758 0.4403 0.5420 0.4174 0.5304 0.4710 0.6172 0.4551 0.3965 0.4619 0.6342 0.5584 0.4198 0.5894 0.4011 0.6507 0.4642 0.4459 
0.4135 1.0000 0.5467 0.4010 0.5303 0.5028 0.4529 0.4492 0.4758 0.3500 0.4920 0.4612 0.3941 0.4699 0.5048 0.5589 0.5268 0.4984 0.4014 0.5020 0.4666 0.5194 0.4493 0.3943 0.5421 0.4390 0.4473 0.4952 0.5453 0.5540 
0.4629 0.5467 1.0000 0.4489 0.5106 0.4893 0.4808 0.5859 0.5084 0.3547 0.7180 0.5078 0.4592 0.5731 0.5450 0.5329 0.5694 0.5704 0.4762 0.5514 0.5954 0.7069 0.5119 0.4360 0.5598 0.4863 0.4994 0.5043 0.5122 0.5665 
0.5222 0.4010 0.4489 1.0000 0.4568 0.4944 0.5322 0.4143 0.5103 0.4030 0.5044 0.5652 0.5483 0.4378 0.5008 0.4180 0.4866 0.4840 0.4847 0.4184 0.3991 0.4761 0.4920 0.5084 0.5025 0.5590 0.4509 0.5649 0.4569 0.4469 
0.4337 0.5303 0.5106 0.4568 1.0000 0.5452 0.4676 0.4445 0.4139 0.3182 0.4873 0.4867 0.4115 0.4391 0.5308 0.5150 0.5265 0.5298 0.4127 0.4737 0.4419 0.4953 0.4154 0.3956 0.4763 0.5032 0.3993 0.4755 0.4848 0.4790 
0.5358 0.5028 0.4893 0.4944 0.5452 1.0000 0.4771 0.4421 0.4585 0.3910 0.5042 0.5487 0.4603 0.4660 0.7255 0.4802 0.5906 0.5192 0.4652 0.4960 0.4440 0.4990 0.4878 0.4413 0.5648 0.4902 0.4279 0.5479 0.6220 0.5066 
0.5620 0.4529 0.4808 0.5322 0.4676 0.4771 1.0000 0.4830 0.4878 0.4372 0.5027 0.5397 0.5484 0.4917 0.4787 0.4954 0.4950 0.4796 0.5981 0.4558 0.4460 0.4757 0.6210 0.5045 0.4870 0.6295 0.4745 0.6360 0.4749 0.4248 
0.4258 0.4492 0.5859 0.4143 0.4445 0.4421 0.4830 1.0000 0.4076 0.3442 0.5644 0.4479 0.4741 0.7380 0.4886 0.5022 0.5411 0.5975 0.4608 0.5123 0.5088 0.5551 0.5023 0.4621 0.4795 0.4576 0.4379 0.4478 0.4822 0.4648 
0.5495 0.4758 0.5084 0.5103 0.4139 0.4585 0.4878 0.4076 1.0000 0.4951 0.4680 0.5037 0.6129 0.4241 0.4860 0.4408 0.4440 0.4437 0.4790 0.4214 0.4262 0.5056 0.5268 0.5996 0.4804 0.5137 0.4390 0.5579 0.4436 0.5675 
0.4956 0.3500 0.3547 0.4030 0.3182 0.3910 0.4372 0.3442 0.4951 1.0000 0.3809 0.4396 0.5004 0.3442 0.3892 0.3506 0.4147 0.3826 0.5046 0.4088 0.3392 0.3556 0.4797 0.4822 0.3359 0.4524 0.3838 0.4944 0.3991 0.4312 
0.4714 0.4920 0.7180 0.5044 0.4873 0.5042 0.5027 0.5644 0.4680 0.3809 1.0000 0.5254 0.4812 0.5835 0.5766 0.4941 0.6055 0.6001 0.5018 0.5858 0.5466 0.6218 0.5299 0.4481 0.5224 0.5505 0.4679 0.5335 0.5347 0.5510 
0.5991 0.4612 0.5078 0.5652 0.4867 0.5487 0.5397 0.4479 0.5037 0.4396 0.5254 1.0000 0.5372 0.4637 0.5674 0.4627 0.5711 0.5124 0.5759 0.5104 0.4065 0.4651 0.6077 0.5118 0.4666 0.5672 0.4333 0.6933 0.5271 0.4684 
0.5758 0.3941 0.4592 0.5483 0.4115 0.4603 0.5484 0.4741 0.6129 0.5004 0.4812 0.5372 1.0000 0.4903 0.4767 0.4043 0.4665 0.5354 0.5210 0.4237 0.3837 0.4494 0.5273 0.7392 0.4636 0.5682 0.4196 0.5998 0.4313 0.5010 
0.4403 0.4699 0.5731 0.4378 0.4391 0.4660 0.4917 0.7380 0.4241 0.3442 0.5835 0.4637 0.4903 1.0000 0.4856 0.5227 0.5679 0.6333 0.4571 0.4966 0.5134 0.5653 0.5324 0.4690 0.5140 0.4547 0.4364 0.4684 0.5006 0.4935 
0.5420 0.5048 0.5450 0.5008 0.5308 0.7255 0.4787 0.4886 0.4860 0.3892 0.5766 0.5674 0.4767 0.4856 1.0000 0.4825 0.6001 0.5220 0.4979 0.5473 0.4778 0.5258 0.5059 0.4461 0.5378 0.5028 0.4097 0.5607 0.6125 0.5447 
0.4174 0.5589 0.5329 0.4180 0.5150 0.4802 0.4954 0.5022 0.4408 0.3506 0.4941 0.4627 0.4043 0.5227 0.4825 1.0000 0.5234 0.5089 0.4321 0.5104 0.4812 0.5538 0.5140 0.4124 0.5180 0.4337 0.4793 0.4802 0.5381 0.5087 
0.5304 0.5268 0.5694 0.4866 0.5265 0.5906 0.4950 0.5411 0.4440 0.4147 0.6055 0.5711 0.4665 0.5679 0.6001 0.5234 1.0000 0.6094 0.5014 0.5989 0.5190 0.5618 0.5665 0.4611 0.5394 0.5484 0.4320 0.5939 0.6492 0.5021 
0.4710 0.4984 0.5704 0.4840 0.5298 0.5192 0.4796 0.5975 0.4437 0.3826 0.6001 0.5124 0.5354 0.6333 0.5220 0.5089 0.6094 1.0000 0.4690 0.5309 0.4851 0.5691 0.4888 0.5040 0.5655 0.5054 0.4613 0.5213 0.5486 0.5142 
0.6172 0.4014 0.4762 0.4847 0.4127 0.4652 0.5981 0.4608 0.4790 0.5046 0.5018 0.5759 0.5210 0.4571 0.4979 0.4321 0.5014 0.4690 1.0000 0.4729 0.5192 0.4709 0.6718 0.4815 0.4056 0.5996 0.4934 0.6546 0.4451 0.4265 
0.4551 0.5020 0.5514 0.4184 0.4737 0.4960 0.4558 0.5123 0.4214 0.4088 0.5858 0.5104 0.4237 0.4966 0.5473 0.5104 0.5989 0.5309 0.4729 1.0000 0.4521 0.5287 0.5034 0.4158 0.4695 0.4824 0.3967 0.5268 0.6222 0.4948 
0.3965 0.4666 0.5954 0.3991 0.4419 0.4440 0.4460 0.5088 0.4262 0.3392 0.5466 0.4065 0.3837 0.5134 0.4778 0.4812 0.5190 0.4851 0.5192 0.4521 1.0000 0.6017 0.4743 0.3557 0.4924 0.4269 0.5175 0.4128 0.4312 0.4904 
0.4619 0.5194 0.7069 0.4761 0.4953 0.4990 0.4757 0.5551 0.5056 0.3556 0.6218 0.4651 0.4494 0.5653 0.5258 0.5538 0.5618 0.5691 0.4709 0.5287 0.6017 1.0000 0.4940 0.4303 0.6043 0.4695 0.4941 0.4739 0.5167 0.5391 
0.6342 0.4493 0.5119 0.4920 0.4154 0.4878 0.6210 0.5023 0.5268 0.4797 0.5299 0.6077 0.5273 0.5324 0.5059 0.5140 0.5665 0.4888 0.6718 0.5034 0.4743 0.4940 1.0000 0.5387 0.4397 0.5827 0.4561 0.7128 0.5105 0.4451 
0.5584 0.3943 0.4360 0.5084 0.3956 0.4413 0.5045 0.4621 0.5996 0.4822 0.4481 0.5118 0.7392 0.4690 0.4461 0.4124 0.4611 0.5040 0.4815 0.4158 0.3557 0.4303 0.5387 1.0000 0.4352 0.5308 0.3978 0.5763 0.4283 0.4744 
0.4198 0.5421 0.5598 0.5025 0.4763 0.5648 0.4870 0.4795 0.4804 0.3359 0.5224 0.4666 0.4636 0.5140 0.5378 0.5180 0.5394 0.5655 0.4056 0.4695 0.4924 0.6043 0.4397 0.4352 1.0000 0.4514 0.4996 0.4948 0.5752 0.5299 
0.5894 0.4390 0.4863 0.5590 0.5032 0.4902 0.6295 0.4576 0.5137 0.4524 0.5505 0.5672 0.5682 0.4547 0.5028 0.4337 0.5484 0.5054 0.5996 0.4824 0.4269 0.4695 0.5827 0.5308 0.4514 1.0000 0.4218 0.6724 0.4893 0.4291 
0.4011 0.4473 0.4994 0.4509 0.3993 0.4279 0.4745 0.4379 0.4390 0.3838 0.4679 0.4333 0.4196 0.4364 0.4097 0.4793 0.4320 0.4613 0.4934 0.3967 0.5175 0.4941 0.4561 0.3978 0.4996 0.4218 1.0000 0.4547 0.4182 0.4835 
0.6507 0.4952 0.5043 0.5649 0.4755 0.5479 0.6360 0.4478 0.5579 0.4944 0.5335 0.6933 0.5998 0.4684 0.5607 0.4802 0.5939 0.5213 0.6546 0.5268 0.4128 0.4739 0.7128 0.5763 0.4948 0.6724 0.4547 1.0000 0.5719 0.4657 
0.4642 0.5453 0.5122 0.4569 0.4848 0.6220 0.4749 0.4822 0.4436 0.3991 0.5347 0.5271 0.4313 0.5006 0.6125 0.5381 0.6492 0.5486 0.4451 0.6222 0.4312 0.5167 0.5105 0.4283 0.5752 0.4893 0.4182 0.5719 1.0000 0.4805 
0.4459 0.5540 0.5665 0.4469 0.4790 0.5066 0.4248 0.4648 0.5675 0.4312 0.5510 0.4684 0.5010 0.4935 0.5447 0.5087 0.5021 0.5142 0.4265 0.4948 0.4904 0.5391 0.4451 0.4744 0.5299 0.4291 0.4835 0.4657 0.4805 1.0000 
