1.0000	0.5613	0.4869	0.5649	0.6671	0.6560	0.6596	0.5069	0.5895	0.4898	0.6728	0.6352	0.7094	0.6098	0.4945	0.7845	0.5558	0.5701	0.5263	0.6209	0.6040	0.6443	0.5453	0.6391	0.5108	0.5206	0.5150	0.5263	0.5292	0.4736
0.5613	1.0000	0.3852	0.5380	0.5512	0.5457	0.5458	0.4689	0.5298	0.5627	0.6759	0.5444	0.6306	0.5379	0.6345	0.5363	0.4828	0.5372	0.4477	0.5283	0.4739	0.5253	0.5390	0.5097	0.5620	0.4897	0.5537	0.5575	0.6012	0.5080
0.4869	0.3852	1.0000	0.5239	0.4888	0.4730	0.4756	0.4434	0.5293	0.4804	0.4996	0.4866	0.5200	0.4650	0.4303	0.4558	0.4832	0.4894	0.4822	0.5899	0.5430	0.4619	0.4962	0.6296	0.4537	0.3527	0.4822	0.4713	0.4639	0.5544
0.5649	0.5380	0.5239	1.0000	0.6306	0.6445	0.6318	0.5553	0.6908	0.6383	0.6767	0.5459	0.6359	0.5131	0.6580	0.5573	0.6518	0.5886	0.5808	0.6796	0.6223	0.5849	0.5326	0.6357	0.6815	0.4773	0.5221	0.6118	0.6521	0.5373
0.6671	0.5512	0.4888	0.6306	1.0000	0.7136	0.7150	0.5086	0.6517	0.5397	0.7131	0.6245	0.7453	0.6143	0.5188	0.6139	0.5543	0.5771	0.5632	0.6161	0.5977	0.6946	0.5455	0.6346	0.5593	0.4786	0.4884	0.5124	0.5765	0.4728
0.6560	0.5457	0.4730	0.6445	0.7136	1.0000	0.7194	0.5139	0.6344	0.5276	0.6973	0.6108	0.7190	0.5938	0.5305	0.6179	0.5370	0.5400	0.5817	0.6015	0.5693	0.6621	0.5361	0.6125	0.5631	0.4708	0.4776	0.5235	0.5564	0.4610
0.6596	0.5458	0.4756	0.6318	0.7150	0.7194	1.0000	0.5166	0.6369	0.5308	0.6825	0.6172	0.7203	0.5837	0.5323	0.6181	0.5429	0.5457	0.5732	0.6026	0.5739	0.8347	0.5286	0.6147	0.5696	0.4683	0.4997	0.5089	0.5665	0.4681
0.5069	0.4689	0.4434	0.5553	0.5086	0.5139	0.5166	1.0000	0.5843	0.5426	0.5161	0.4419	0.5126	0.4594	0.5106	0.4548	0.5759	0.4843	0.6027	0.5529	0.5036	0.5100	0.5363	0.5835	0.5088	0.4057	0.5141	0.4715	0.5385	0.4734
0.5895	0.5298	0.5293	0.6908	0.6517	0.6344	0.6369	0.5843	1.0000	0.6304	0.6305	0.5561	0.6747	0.5926	0.6277	0.5361	0.5787	0.6832	0.5881	0.7858	0.6920	0.6174	0.5848	0.6788	0.6687	0.5101	0.5594	0.6226	0.6984	0.5423
0.4898	0.5627	0.4804	0.6383	0.5397	0.5276	0.5308	0.5426	0.6304	1.0000	0.5780	0.4655	0.5512	0.5007	0.6584	0.4684	0.5342	0.5991	0.5360	0.6065	0.5428	0.5170	0.5587	0.5872	0.6696	0.4578	0.6053	0.6217	0.6842	0.6026
0.6728	0.6759	0.4996	0.6767	0.7131	0.6973	0.6825	0.5161	0.6305	0.5780	1.0000	0.6486	0.8473	0.6104	0.5479	0.6207	0.5943	0.5707	0.5369	0.6318	0.6083	0.6596	0.6002	0.6493	0.5702	0.4931	0.5156	0.5604	0.5959	0.5244
0.6352	0.5444	0.4866	0.5459	0.6245	0.6108	0.6172	0.4419	0.5561	0.4655	0.6486	1.0000	0.6762	0.5777	0.4593	0.5929	0.5115	0.5375	0.4800	0.5904	0.5694	0.5868	0.5197	0.6049	0.4922	0.4547	0.4653	0.4958	0.4977	0.4763
0.7094	0.6306	0.5200	0.6359	0.7453	0.7190	0.7203	0.5126	0.6747	0.5512	0.8473	0.6762	1.0000	0.6462	0.5220	0.6479	0.5723	0.5960	0.5719	0.6727	0.6342	0.6981	0.5900	0.6835	0.5646	0.5080	0.5270	0.5469	0.5852	0.5062
0.6098	0.5379	0.4650	0.5131	0.6143	0.5938	0.5837	0.4594	0.5926	0.5007	0.6104	0.5777	0.6462	1.0000	0.4819	0.5557	0.4938	0.5842	0.4661	0.6284	0.6131	0.5602	0.6442	0.5932	0.5155	0.4587	0.4999	0.5331	0.5306	0.4993
0.4945	0.6345	0.4303	0.6580	0.5188	0.5305	0.5323	0.5106	0.6277	0.6584	0.5479	0.4593	0.5220	0.4819	1.0000	0.4837	0.5119	0.6053	0.4829	0.5942	0.5506	0.4922	0.4985	0.5281	0.7076	0.5269	0.6122	0.6561	0.6994	0.5345
0.7845	0.5363	0.4558	0.5573	0.6139	0.6179	0.6181	0.4548	0.5361	0.4684	0.6207	0.5929	0.6479	0.5557	0.4837	1.0000	0.5342	0.5464	0.5449	0.5711	0.5501	0.5837	0.4987	0.5897	0.4983	0.4901	0.4895	0.5091	0.5073	0.4565
0.5558	0.4828	0.4832	0.6518	0.5543	0.5370	0.5429	0.5759	0.5787	0.5342	0.5943	0.5115	0.5723	0.4938	0.5119	0.5342	1.0000	0.5827	0.5879	0.6158	0.5839	0.5326	0.5083	0.6128	0.5314	0.4403	0.5006	0.5408	0.5501	0.5166
0.5701	0.5372	0.4894	0.5886	0.5771	0.5400	0.5457	0.4843	0.6832	0.5991	0.5707	0.5375	0.5960	0.5842	0.6053	0.5464	0.5827	1.0000	0.5222	0.6993	0.6430	0.5279	0.5477	0.6334	0.6424	0.5245	0.5950	0.6715	0.6659	0.5681
0.5263	0.4477	0.4822	0.5808	0.5632	0.5817	0.5732	0.6027	0.5881	0.5360	0.5369	0.4800	0.5719	0.4661	0.4829	0.5449	0.5879	0.5222	1.0000	0.5577	0.5251	0.5667	0.5037	0.6472	0.5221	0.4168	0.5289	0.4758	0.5463	0.4744
0.6209	0.5283	0.5899	0.6796	0.6161	0.6015	0.6026	0.5529	0.7858	0.6065	0.6318	0.5904	0.6727	0.6284	0.5942	0.5711	0.6158	0.6993	0.5577	1.0000	0.7076	0.5814	0.6186	0.7286	0.6433	0.5350	0.6051	0.6600	0.6434	0.5802
0.6040	0.4739	0.5430	0.6223	0.5977	0.5693	0.5739	0.5036	0.6920	0.5428	0.6083	0.5694	0.6342	0.6131	0.5506	0.5501	0.5839	0.6430	0.5251	0.7076	1.0000	0.5678	0.5803	0.6853	0.5624	0.5148	0.5434	0.5885	0.5851	0.5192
0.6443	0.5253	0.4619	0.5849	0.6946	0.6621	0.8347	0.5100	0.6174	0.5170	0.6596	0.5868	0.6981	0.5602	0.4922	0.5837	0.5326	0.5279	0.5667	0.5814	0.5678	1.0000	0.5124	0.5967	0.5299	0.4570	0.4961	0.4815	0.5502	0.4536
0.5453	0.5390	0.4962	0.5326	0.5455	0.5361	0.5286	0.5363	0.5848	0.5587	0.6002	0.5197	0.5900	0.6442	0.4985	0.4987	0.5083	0.5477	0.5037	0.6186	0.5803	0.5124	1.0000	0.6676	0.5260	0.4311	0.5477	0.5588	0.5466	0.5490
0.6391	0.5097	0.6296	0.6357	0.6346	0.6125	0.6147	0.5835	0.6788	0.5872	0.6493	0.6049	0.6835	0.5932	0.5281	0.5897	0.6128	0.6334	0.6472	0.7286	0.6853	0.5967	0.6676	1.0000	0.5661	0.4911	0.6258	0.5820	0.5972	0.5888
0.5108	0.5620	0.4537	0.6815	0.5593	0.5631	0.5696	0.5088	0.6687	0.6696	0.5702	0.4922	0.5646	0.5155	0.7076	0.4983	0.5314	0.6424	0.5221	0.6433	0.5624	0.5299	0.5260	0.5661	1.0000	0.5081	0.5654	0.7385	0.8049	0.5418
0.5206	0.4897	0.3527	0.4773	0.4786	0.4708	0.4683	0.4057	0.5101	0.4578	0.4931	0.4547	0.5080	0.4587	0.5269	0.4901	0.4403	0.5245	0.4168	0.5350	0.5148	0.4570	0.4311	0.4911	0.5081	1.0000	0.5205	0.5099	0.4976	0.4011
0.5150	0.5537	0.4822	0.5221	0.4884	0.4776	0.4997	0.5141	0.5594	0.6053	0.5156	0.4653	0.5270	0.4999	0.6122	0.4895	0.5006	0.5950	0.5289	0.6051	0.5434	0.4961	0.5477	0.6258	0.5654	0.5205	1.0000	0.5984	0.5976	0.5406
0.5263	0.5575	0.4713	0.6118	0.5124	0.5235	0.5089	0.4715	0.6226	0.6217	0.5604	0.4958	0.5469	0.5331	0.6561	0.5091	0.5408	0.6715	0.4758	0.6600	0.5885	0.4815	0.5588	0.5820	0.7385	0.5099	0.5984	1.0000	0.7353	0.5643
0.5292	0.6012	0.4639	0.6521	0.5765	0.5564	0.5665	0.5385	0.6984	0.6842	0.5959	0.4977	0.5852	0.5306	0.6994	0.5073	0.5501	0.6659	0.5463	0.6434	0.5851	0.5502	0.5466	0.5972	0.8049	0.4976	0.5976	0.7353	1.0000	0.5741
0.4736	0.5080	0.5544	0.5373	0.4728	0.4610	0.4681	0.4734	0.5423	0.6026	0.5244	0.4763	0.5062	0.4993	0.5345	0.4565	0.5166	0.5681	0.4744	0.5802	0.5192	0.4536	0.5490	0.5888	0.5418	0.4011	0.5406	0.5643	0.5741	1.0000
