1.0000 0.4468 0.5493 0.4221 0.5027 0.4155 0.4390 0.4459 0.3992 0.4616 0.5091 0.4604 0.5839 0.5136 0.5452 0.4904 0.5435 0.5406 0.4875 0.5029 0.5430 0.5463 0.5537 0.5650 0.4917 0.4994 0.5402 0.4169 0.5064 0.4898
0.4468 1.0000 0.5211 0.6252 0.5547 0.3348 0.5174 0.5512 0.6824 0.4830 0.4630 0.6588 0.4488 0.4619 0.5582 0.6736 0.4800 0.4765 0.6529 0.4961 0.4592 0.5238 0.4812 0.4650 0.4760 0.6257 0.5101 0.4725 0.4075 0.4519
0.5493 0.5211 1.0000 0.5350 0.6026 0.3882 0.4722 0.5318 0.5076 0.4782 0.5664 0.5421 0.6162 0.6393 0.6803 0.4878 0.5571 0.5543 0.4975 0.4520 0.5709 0.6234 0.5989 0.6413 0.6109 0.4952 0.6038 0.5072 0.5111 0.5178
0.4221 0.6252 0.5350 1.0000 0.4540 0.2863 0.5441 0.5698 0.5828 0.4522 0.4701 0.7567 0.4457 0.4887 0.6018 0.6294 0.5130 0.4560 0.5130 0.4812 0.4660 0.5134 0.5221 0.5253 0.5171 0.6119 0.5061 0.4034 0.4418 0.4895
0.5027 0.5547 0.6026 0.4540 1.0000 0.4850 0.4400 0.4440 0.5095 0.4766 0.5054 0.4595 0.5674 0.6402 0.5870 0.4585 0.5347 0.4974 0.5575 0.4204 0.5443 0.5849 0.5519 0.5886 0.5533 0.4501 0.5021 0.5130 0.4846 0.4990
0.4155 0.3348 0.3882 0.2863 0.4850 1.0000 0.3108 0.3034 0.3059 0.3975 0.3517 0.3221 0.4536 0.4016 0.3893 0.3350 0.4258 0.3573 0.4041 0.3085 0.4641 0.4219 0.3703 0.3805 0.3890 0.3286 0.3916 0.3394 0.3763 0.3798
0.4390 0.5174 0.4722 0.5441 0.4400 0.3108 1.0000 0.5395 0.5059 0.5855 0.3843 0.5453 0.5181 0.4578 0.4557 0.5438 0.4365 0.4311 0.5276 0.5658 0.4516 0.4921 0.4414 0.4378 0.4137 0.5628 0.4595 0.4848 0.4715 0.4380
0.4459 0.5512 0.5318 0.5698 0.4440 0.3034 0.5395 1.0000 0.4833 0.4720 0.4382 0.6128 0.4893 0.5249 0.5254 0.5220 0.4514 0.4524 0.5378 0.5479 0.4867 0.4895 0.4561 0.4982 0.5000 0.5931 0.4813 0.4165 0.4608 0.5037
0.3992 0.6824 0.5076 0.5828 0.5095 0.3059 0.5059 0.4833 1.0000 0.4426 0.4339 0.5797 0.4499 0.4500 0.5337 0.6279 0.4209 0.4362 0.5457 0.4566 0.4158 0.4547 0.4455 0.4326 0.4489 0.5584 0.4603 0.4597 0.3732 0.3782
0.4616 0.4830 0.4782 0.4522 0.4766 0.3975 0.5855 0.4720 0.4426 1.0000 0.4818 0.4755 0.5298 0.4780 0.4904 0.4758 0.4754 0.4743 0.4925 0.4855 0.4954 0.5486 0.4964 0.4409 0.4278 0.5039 0.5007 0.4991 0.5156 0.4767
0.5091 0.4630 0.5664 0.4701 0.5054 0.3517 0.3843 0.4382 0.4339 0.4818 1.0000 0.4806 0.4818 0.5681 0.5676 0.4382 0.5138 0.5080 0.4239 0.4550 0.4886 0.5740 0.6700 0.6082 0.5008 0.4356 0.5271 0.4273 0.4871 0.4677
0.4604 0.6588 0.5421 0.7567 0.4595 0.3221 0.5453 0.6128 0.5797 0.4755 0.4806 1.0000 0.4560 0.4978 0.5889 0.7042 0.5317 0.4857 0.5630 0.5235 0.5229 0.5684 0.5106 0.5210 0.5148 0.6697 0.5571 0.3963 0.4489 0.5338
0.5839 0.4488 0.6162 0.4457 0.5674 0.4536 0.5181 0.4893 0.4499 0.5298 0.4818 0.4560 1.0000 0.6279 0.5806 0.4842 0.5254 0.5256 0.4893 0.4514 0.6227 0.5655 0.5237 0.5599 0.5543 0.4991 0.5661 0.4873 0.5406 0.5305
0.5136 0.4619 0.6393 0.4887 0.6402 0.4016 0.4578 0.5249 0.4500 0.4780 0.5681 0.4978 0.6279 1.0000 0.6372 0.4208 0.5664 0.4818 0.4672 0.4737 0.5609 0.6080 0.5952 0.6875 0.5534 0.4905 0.5071 0.4532 0.5295 0.5402
0.5452 0.5582 0.6803 0.6018 0.5870 0.3893 0.4557 0.5254 0.5337 0.4904 0.5676 0.5889 0.5806 0.6372 1.0000 0.5344 0.6235 0.5740 0.4646 0.4362 0.5448 0.6212 0.6393 0.6367 0.6039 0.5797 0.5994 0.5085 0.4982 0.5359
0.4904 0.6736 0.4878 0.6294 0.4585 0.3350 0.5438 0.5220 0.6279 0.4758 0.4382 0.7042 0.4842 0.4208 0.5344 1.0000 0.4769 0.5216 0.5718 0.5290 0.4725 0.5029 0.4790 0.4405 0.4704 0.6931 0.5112 0.4075 0.3941 0.4453
0.5435 0.4800 0.5571 0.5130 0.5347 0.4258 0.4365 0.4514 0.4209 0.4754 0.5138 0.5317 0.5254 0.5664 0.6235 0.4769 1.0000 0.5386 0.4887 0.4504 0.5704 0.6447 0.5439 0.5612 0.5049 0.5052 0.6107 0.4475 0.5290 0.6199
0.5406 0.4765 0.5543 0.4560 0.4974 0.3573 0.4311 0.4524 0.4362 0.4743 0.5080 0.4857 0.5256 0.4818 0.5740 0.5216 0.5386 1.0000 0.4190 0.4002 0.4848 0.5203 0.5094 0.4979 0.4907 0.4970 0.5600 0.4249 0.4242 0.4941
0.4875 0.6529 0.4975 0.5130 0.5575 0.4041 0.5276 0.5378 0.5457 0.4925 0.4239 0.5630 0.4893 0.4672 0.4646 0.5718 0.4887 0.4190 1.0000 0.5390 0.5263 0.5409 0.4442 0.4618 0.4658 0.5429 0.4968 0.4729 0.4513 0.4726
0.5029 0.4961 0.4520 0.4812 0.4204 0.3085 0.5658 0.5479 0.4566 0.4855 0.4550 0.5235 0.4514 0.4737 0.4362 0.5290 0.4504 0.4002 0.5390 1.0000 0.4366 0.4717 0.5020 0.4828 0.3805 0.5830 0.4271 0.4105 0.4753 0.4197
0.5430 0.4592 0.5709 0.4660 0.5443 0.4641 0.4516 0.4867 0.4158 0.4954 0.4886 0.5229 0.6227 0.5609 0.5448 0.4725 0.5704 0.4848 0.5263 0.4366 1.0000 0.6203 0.5092 0.5331 0.5506 0.4546 0.5963 0.4192 0.5489 0.5811
0.5463 0.5238 0.6234 0.5134 0.5849 0.4219 0.4921 0.4895 0.4547 0.5486 0.5740 0.5684 0.5655 0.6080 0.6212 0.5029 0.6447 0.5203 0.5409 0.4717 0.6203 1.0000 0.6000 0.5784 0.5168 0.5247 0.6252 0.4952 0.5482 0.6007
0.5537 0.4812 0.5989 0.5221 0.5519 0.3703 0.4414 0.4561 0.4455 0.4964 0.6700 0.5106 0.5237 0.5952 0.6393 0.4790 0.5439 0.5094 0.4442 0.5020 0.5092 0.6000 1.0000 0.6688 0.5432 0.4772 0.5512 0.4797 0.4778 0.4936
0.5650 0.4650 0.6413 0.5253 0.5886 0.3805 0.4378 0.4982 0.4326 0.4409 0.6082 0.5210 0.5599 0.6875 0.6367 0.4405 0.5612 0.4979 0.4618 0.4828 0.5331 0.5784 0.6688 1.0000 0.5995 0.4571 0.5256 0.4536 0.5269 0.5143
0.4917 0.4760 0.6109 0.5171 0.5533 0.3890 0.4137 0.5000 0.4489 0.4278 0.5008 0.5148 0.5543 0.5534 0.6039 0.4704 0.5049 0.4907 0.4658 0.3805 0.5506 0.5168 0.5432 0.5995 1.0000 0.4135 0.5241 0.4631 0.5128 0.5082
0.4994 0.6257 0.4952 0.6119 0.4501 0.3286 0.5628 0.5931 0.5584 0.5039 0.4356 0.6697 0.4991 0.4905 0.5797 0.6931 0.5052 0.4970 0.5429 0.5830 0.4546 0.5247 0.4772 0.4571 0.4135 1.0000 0.4986 0.4147 0.4233 0.4832
0.5402 0.5101 0.6038 0.5061 0.5021 0.3916 0.4595 0.4813 0.4603 0.5007 0.5271 0.5571 0.5661 0.5071 0.5994 0.5112 0.6107 0.5600 0.4968 0.4271 0.5963 0.6252 0.5512 0.5256 0.5241 0.4986 1.0000 0.5165 0.5227 0.5964
0.4169 0.4725 0.5072 0.4034 0.5130 0.3394 0.4848 0.4165 0.4597 0.4991 0.4273 0.3963 0.4873 0.4532 0.5085 0.4075 0.4475 0.4249 0.4729 0.4105 0.4192 0.4952 0.4797 0.4536 0.4631 0.4147 0.5165 1.0000 0.4813 0.4115
0.5064 0.4075 0.5111 0.4418 0.4846 0.3763 0.4715 0.4608 0.3732 0.5156 0.4871 0.4489 0.5406 0.5295 0.4982 0.3941 0.5290 0.4242 0.4513 0.4753 0.5489 0.5482 0.4778 0.5269 0.5128 0.4233 0.5227 0.4813 1.0000 0.5759
0.4898 0.4519 0.5178 0.4895 0.4990 0.3798 0.4380 0.5037 0.3782 0.4767 0.4677 0.5338 0.5305 0.5402 0.5359 0.4453 0.6199 0.4941 0.4726 0.4197 0.5811 0.6007 0.4936 0.5143 0.5082 0.4832 0.5964 0.4115 0.5759 1.0000
