1.0000	0.8780	0.7360	0.7030	0.7598	0.6607	0.6421	0.6699	0.9758	0.6796	0.6837	0.6653	0.6726	0.6734	0.6696	0.6261	0.6420	0.6813	0.7012	0.7054	0.6737	0.6737	0.6424	0.7368	0.9476	0.7420	0.6481	0.5971	0.7388	0.6716
0.8780	1.0000	0.7019	0.6721	0.7070	0.6333	0.6174	0.6420	0.8695	0.6509	0.6560	0.6373	0.6450	0.6458	0.6415	0.6027	0.6162	0.6530	0.6711	0.7271	0.6456	0.6456	0.6172	0.7040	0.8820	0.7073	0.6189	0.5763	0.7060	0.6436
0.7360	0.7019	1.0000	0.7271	0.7157	0.6816	0.7671	0.6915	0.7374	0.7018	0.7064	0.6865	0.7089	0.7097	0.6911	0.7473	0.7667	0.7173	0.7254	0.7144	0.7100	0.7100	0.7675	0.9774	0.7333	0.7703	0.6680	0.5190	0.7668	0.6933
0.7030	0.6721	0.7271	1.0000	0.6842	0.7007	0.6355	0.6623	0.7037	0.7304	0.6762	0.7042	0.6650	0.6658	0.6627	0.6206	0.6350	0.6736	0.7547	0.6835	0.6660	0.6661	0.6358	0.7278	0.7000	0.7325	0.6929	0.5048	0.7298	0.6639
0.7598	0.7070	0.7157	0.6842	1.0000	0.6447	0.6269	0.6535	0.7617	0.6626	0.6666	0.6490	0.6561	0.6569	0.6530	0.6116	0.6268	0.6643	0.6833	0.6949	0.6571	0.6571	0.6273	0.7165	0.7474	0.7213	0.6320	0.5326	0.7184	0.6551
0.6607	0.6333	0.6816	0.7007	0.6447	1.0000	0.6000	0.6251	0.6619	0.9244	0.6369	0.9767	0.6276	0.6283	0.6250	0.5846	0.6002	0.6353	0.8251	0.6434	0.6284	0.6284	0.6005	0.6822	0.6586	0.6866	0.8528	0.5326	0.6838	0.6265
0.6421	0.6174	0.7671	0.6355	0.6269	0.6000	1.0000	0.6082	0.6436	0.6161	0.6209	0.6037	0.8317	0.8320	0.6077	0.9505	0.9779	0.8340	0.6345	0.6266	0.8316	0.8316	0.9857	0.7671	0.6402	0.6667	0.5870	0.4612	0.6655	0.6096
0.6699	0.6420	0.6915	0.6623	0.6535	0.6251	0.6082	1.0000	0.6710	0.6420	0.7563	0.6292	0.6358	0.6365	0.7635	0.5935	0.6080	0.6436	0.6614	0.6524	0.6368	0.6368	0.6085	0.6922	0.6678	0.6967	0.6131	0.4801	0.6940	0.7527
0.9758	0.8695	0.7374	0.7037	0.7617	0.6619	0.6436	0.6710	1.0000	0.6811	0.6854	0.6664	0.6742	0.6751	0.6705	0.6276	0.6430	0.6830	0.7024	0.7005	0.6748	0.6749	0.6435	0.7388	0.9404	0.7434	0.6467	0.5981	0.7409	0.6727
0.6796	0.6509	0.7018	0.7304	0.6626	0.9244	0.6161	0.6420	0.6811	1.0000	0.6547	0.9310	0.6450	0.6457	0.6422	0.5996	0.6161	0.6532	0.8113	0.6611	0.6455	0.6455	0.6163	0.7026	0.6773	0.7071	0.8435	0.5440	0.7043	0.6435
0.6837	0.6560	0.7064	0.6762	0.6666	0.6369	0.6209	0.7563	0.6854	0.6547	1.0000	0.6410	0.6488	0.6495	0.8581	0.6061	0.6196	0.6568	0.6752	0.6663	0.6493	0.6494	0.6206	0.7085	0.6815	0.7118	0.6223	0.4884	0.7105	0.9068
0.6653	0.6373	0.6865	0.7042	0.6490	0.9767	0.6037	0.6292	0.6664	0.9310	0.6410	1.0000	0.6316	0.6324	0.6293	0.5880	0.6041	0.6395	0.8209	0.6475	0.6325	0.6326	0.6043	0.6868	0.6631	0.6915	0.8568	0.5354	0.6885	0.6306
0.6726	0.6450	0.7089	0.6650	0.6561	0.6276	0.8317	0.6358	0.6742	0.6450	0.6488	0.6316	1.0000	0.9979	0.6354	0.8302	0.8323	0.9749	0.6639	0.6550	0.9874	0.9874	0.8316	0.7081	0.6705	0.6996	0.6137	0.4826	0.6975	0.6373
0.6734	0.6458	0.7097	0.6658	0.6569	0.6283	0.8320	0.6365	0.6751	0.6457	0.6495	0.6324	0.9979	1.0000	0.6361	0.8301	0.8326	0.9766	0.6648	0.6558	0.9875	0.9875	0.8319	0.7089	0.6713	0.7005	0.6144	0.4832	0.6984	0.6381
0.6696	0.6415	0.6911	0.6627	0.6530	0.6250	0.6077	0.7635	0.6705	0.6422	0.8581	0.6293	0.6354	0.6361	1.0000	0.5928	0.6077	0.6432	0.6609	0.6519	0.6364	0.6364	0.6080	0.6916	0.6673	0.6962	0.6140	0.4806	0.6934	0.8936
0.6261	0.6027	0.7473	0.6206	0.6116	0.5846	0.9505	0.5935	0.6276	0.5996	0.6061	0.5880	0.8302	0.8301	0.5928	1.0000	0.9444	0.8276	0.6194	0.6116	0.8297	0.8297	0.9473	0.7466	0.6243	0.6496	0.5718	0.4483	0.6488	0.5949
0.6420	0.6162	0.7667	0.6350	0.6268	0.6002	0.9779	0.6080	0.6430	0.6161	0.6196	0.6041	0.8323	0.8326	0.6077	0.9444	1.0000	0.8345	0.6342	0.6258	0.8331	0.8331	0.9870	0.7651	0.6400	0.6665	0.5889	0.4618	0.6641	0.6095
0.6813	0.6530	0.7173	0.6736	0.6643	0.6353	0.8340	0.6436	0.6830	0.6532	0.6568	0.6395	0.9749	0.9766	0.6432	0.8276	0.8345	1.0000	0.6723	0.6632	0.9732	0.9733	0.8340	0.7167	0.6791	0.7091	0.6211	0.4886	0.7069	0.6452
0.7012	0.6711	0.7254	0.7547	0.6833	0.8251	0.6345	0.6614	0.7024	0.8113	0.6752	0.8209	0.6639	0.6648	0.6609	0.6194	0.6342	0.6723	1.0000	0.6825	0.6652	0.6652	0.6349	0.7265	0.6990	0.7313	0.7716	0.5173	0.7286	0.6631
0.7054	0.7271	0.7144	0.6835	0.6949	0.6434	0.6266	0.6524	0.7005	0.6611	0.6663	0.6475	0.6550	0.6558	0.6519	0.6116	0.6258	0.6632	0.6825	1.0000	0.6560	0.6560	0.6268	0.7160	0.7205	0.7200	0.6303	0.4974	0.7181	0.6540
0.6737	0.6456	0.7100	0.6660	0.6571	0.6284	0.8316	0.6368	0.6748	0.6455	0.6493	0.6325	0.9874	0.9875	0.6364	0.8297	0.8331	0.9732	0.6652	0.6560	1.0000	0.9999	0.8324	0.7087	0.6716	0.7008	0.6162	0.4825	0.6982	0.6383
0.6737	0.6456	0.7100	0.6661	0.6571	0.6284	0.8316	0.6368	0.6749	0.6455	0.6494	0.6326	0.9874	0.9875	0.6364	0.8297	0.8331	0.9733	0.6652	0.6560	0.9999	1.0000	0.8324	0.7087	0.6716	0.7009	0.6163	0.4825	0.6982	0.6383
0.6424	0.6172	0.7675	0.6358	0.6273	0.6005	0.9857	0.6085	0.6435	0.6163	0.6206	0.6043	0.8316	0.8319	0.6080	0.9473	0.9870	0.8340	0.6349	0.6268	0.8324	0.8324	1.0000	0.7666	0.6405	0.6670	0.5890	0.4614	0.6652	0.6099
0.7368	0.7040	0.9774	0.7278	0.7165	0.6822	0.7671	0.6922	0.7388	0.7026	0.7085	0.6868	0.7081	0.7089	0.6916	0.7466	0.7651	0.7167	0.7265	0.7160	0.7087	0.7087	0.7666	1.0000	0.7342	0.7713	0.6657	0.5195	0.7695	0.6940
0.9476	0.8820	0.7333	0.7000	0.7474	0.6586	0.6402	0.6678	0.9404	0.6773	0.6815	0.6631	0.6705	0.6713	0.6673	0.6243	0.6400	0.6791	0.6990	0.7205	0.6716	0.6716	0.6405	0.7342	1.0000	0.7393	0.6454	0.5931	0.7362	0.6694
0.7420	0.7073	0.7703	0.7325	0.7213	0.6866	0.6667	0.6967	0.7434	0.7071	0.7118	0.6915	0.6996	0.7005	0.6962	0.6496	0.6665	0.7091	0.7313	0.7200	0.7008	0.7009	0.6670	0.7713	0.7393	1.0000	0.6724	0.5238	0.8909	0.6985
0.6481	0.6189	0.6680	0.6929	0.6320	0.8528	0.5870	0.6131	0.6467	0.8435	0.6223	0.8568	0.6137	0.6144	0.6140	0.5718	0.5889	0.6211	0.7716	0.6303	0.6162	0.6163	0.5890	0.6657	0.6454	0.6724	1.0000	0.5259	0.6669	0.6144
0.5971	0.5763	0.5190	0.5048	0.5326	0.5326	0.4612	0.4801	0.5981	0.5440	0.4884	0.5354	0.4826	0.4832	0.4806	0.4483	0.4618	0.4886	0.5173	0.4974	0.4825	0.4825	0.4614	0.5195	0.5931	0.5238	0.5259	1.0000	0.5296	0.4811
0.7388	0.7060	0.7668	0.7298	0.7184	0.6838	0.6655	0.6940	0.7409	0.7043	0.7105	0.6885	0.6975	0.6984	0.6934	0.6488	0.6641	0.7069	0.7286	0.7181	0.6982	0.6982	0.6652	0.7695	0.7362	0.8909	0.6669	0.5296	1.0000	0.6959
0.6716	0.6436	0.6933	0.6639	0.6551	0.6265	0.6096	0.7527	0.6727	0.6435	0.9068	0.6306	0.6373	0.6381	0.8936	0.5949	0.6095	0.6452	0.6631	0.6540	0.6383	0.6383	0.6099	0.6940	0.6694	0.6985	0.6144	0.4811	0.6959	1.0000
