
Using the parameter settings in the file: 
''15200/clumpp.paramfile''

Parameter settings
----------------------- Main parameters -------------------------
DATATYPE = 0
INDFILE = 15200/ClumppIndFile
POPFILE = 
OUTFILE = 15200/ClumppIndFile.output
MISCFILE = 15200/ClumppIndFile.misc
K = 14
C = 121
R = 30
M = 3
W = 0
S = 2
- Additional options for the Greedy and LargeKGreedy algorithms -
GREEDY_OPTION = 2
REPEATS = 2000
PERMUTATIONFILE = 
----------------------- Optional outputs ------------------------
PRINT_PERMUTED_DATA = 1
PERMUTED_DATAFILE = arabid.perm_datafile
PRINT_EVERY_PERM = 0
EVERY_PERMFILE = 
PRINT_RANDOM_INPUTORDER = 0
RANDOM_INPUTORDERFILE = 
----------------------- Advanced options ------------------------
OVERRIDE_WARNINGS = 0
ORDER_BY_RUN = 1


In total, 2000 configurations of runs and clusters will be tested.

Results
------------------------------
The highest value of H' is: 0.47687417943223

The list of permutations of the clusters that produces that
H' value is (runs are listed sequentially on separate rows)

1 2 3 4 5 6 7 8 9 10 11 12 13 14 
4 8 10 3 6 2 13 11 5 9 14 7 12 1 
11 8 1 2 14 9 13 5 10 4 7 3 12 6 
14 8 5 13 9 7 6 10 1 11 2 12 3 4 
10 2 14 11 3 7 13 1 5 12 8 6 4 9 
13 8 11 9 5 2 4 6 1 14 3 7 10 12 
7 14 13 8 2 6 10 3 11 4 1 9 12 5 
10 9 2 13 8 6 5 14 12 1 11 3 7 4 
9 8 3 11 12 14 7 5 6 10 1 4 2 13 
14 5 13 4 1 6 7 12 11 9 8 3 2 10 
11 9 3 14 6 8 1 13 4 12 7 10 5 2 
14 11 3 8 7 12 9 4 6 2 5 10 1 13 
4 12 7 10 9 2 13 14 6 8 5 11 3 1 
7 9 12 11 13 4 1 5 10 3 6 8 14 2 
8 14 6 13 12 2 11 5 4 7 1 10 9 3 
5 6 10 4 11 13 2 14 8 3 9 12 1 7 
5 9 10 11 4 7 12 8 6 3 14 2 13 1 
1 14 4 12 5 10 3 9 6 2 7 8 11 13 
4 5 12 14 6 3 2 10 7 13 8 11 1 9 
8 1 6 5 3 11 9 10 7 2 4 12 14 13 
10 14 13 5 2 1 8 4 3 6 11 7 12 9 
2 3 9 4 12 1 10 11 14 13 8 5 6 7 
11 13 2 5 3 9 12 4 10 6 8 7 14 1 
3 1 9 11 8 13 12 10 4 7 14 2 6 5 
10 12 1 4 7 3 13 5 11 2 8 14 9 6 
3 2 9 8 1 7 11 14 12 10 13 5 4 6 
7 10 13 11 14 6 5 9 4 1 8 2 12 3 
12 4 8 9 10 6 5 1 14 13 11 3 2 7 
12 1 14 3 2 8 10 6 5 7 9 4 13 11 
14 6 8 3 2 13 10 1 9 4 7 5 11 12 

The pairwise G' values for each pair of runs where the clusters
of each run are permuted according to the list of permutations above

1.0000 0.5059 0.5804 0.4040 0.3708 0.4898 0.5644 0.3787 0.4630 0.4785 0.4642 0.4080 0.5020 0.5313 0.4790 0.5074 0.4907 0.4942 0.3600 0.4648 0.4297 0.5809 0.5164 0.4822 0.4234 0.5122 0.4120 0.4800 0.3616 0.5314 
0.5059 1.0000 0.5582 0.4707 0.4445 0.4910 0.5888 0.4344 0.5312 0.5220 0.4530 0.4522 0.5004 0.5239 0.4880 0.5137 0.4921 0.4077 0.3755 0.4608 0.4561 0.5918 0.4951 0.4679 0.3970 0.4654 0.4892 0.4719 0.3353 0.5096 
0.5804 0.5582 1.0000 0.4738 0.4218 0.5514 0.6240 0.4040 0.5221 0.5597 0.4792 0.5482 0.6415 0.5552 0.5954 0.5796 0.6294 0.4447 0.4312 0.5247 0.5259 0.6574 0.5885 0.5454 0.4484 0.5523 0.4700 0.6176 0.3669 0.6276 
0.4040 0.4707 0.4738 1.0000 0.3976 0.4670 0.4948 0.4085 0.4155 0.4616 0.4184 0.4456 0.4958 0.4231 0.4741 0.4911 0.4821 0.3435 0.3754 0.5304 0.5119 0.5145 0.4238 0.4877 0.3813 0.3928 0.4643 0.4653 0.3799 0.4037 
0.3708 0.4445 0.4218 0.3976 1.0000 0.4068 0.4098 0.5257 0.5411 0.3999 0.3950 0.4736 0.4231 0.3978 0.4210 0.4436 0.4027 0.4372 0.4933 0.3787 0.3821 0.4240 0.4899 0.3670 0.4885 0.4676 0.3932 0.3999 0.4407 0.4068 
0.4898 0.4910 0.5514 0.4670 0.4068 1.0000 0.5744 0.4688 0.4810 0.5903 0.4211 0.4728 0.5057 0.5609 0.5461 0.5757 0.5346 0.4354 0.4548 0.5705 0.5280 0.5427 0.5062 0.5780 0.4148 0.4779 0.4473 0.5289 0.3474 0.4965 
0.5644 0.5888 0.6240 0.4948 0.4098 0.5744 1.0000 0.4287 0.5059 0.5940 0.4930 0.4866 0.5626 0.5921 0.5515 0.5775 0.5448 0.4591 0.3916 0.5287 0.4950 0.6571 0.5835 0.5685 0.4668 0.5482 0.4797 0.5437 0.3757 0.5247 
0.3787 0.4344 0.4040 0.4085 0.5257 0.4688 0.4287 1.0000 0.5752 0.4413 0.4250 0.4837 0.4402 0.4084 0.4265 0.4275 0.3865 0.4672 0.5681 0.3961 0.4188 0.4145 0.4821 0.4152 0.4192 0.4578 0.3817 0.4079 0.4342 0.3940 
0.4630 0.5312 0.5221 0.4155 0.5411 0.4810 0.5059 0.5752 1.0000 0.4954 0.4291 0.5447 0.4688 0.4934 0.4414 0.5073 0.4407 0.4926 0.5354 0.4392 0.4242 0.5641 0.5932 0.4364 0.5135 0.5379 0.4520 0.4487 0.4582 0.4770 
0.4785 0.5220 0.5597 0.4616 0.3999 0.5903 0.5940 0.4413 0.4954 1.0000 0.4194 0.4625 0.5347 0.5603 0.5087 0.5183 0.5101 0.4694 0.4547 0.5435 0.4900 0.5838 0.4914 0.5207 0.4195 0.4739 0.4819 0.4795 0.3478 0.4671 
0.4642 0.4530 0.4792 0.4184 0.3950 0.4211 0.4930 0.4250 0.4291 0.4194 1.0000 0.3708 0.4638 0.4622 0.4377 0.4356 0.4381 0.3842 0.3100 0.4096 0.3619 0.4458 0.4618 0.4723 0.4284 0.4629 0.4480 0.4470 0.3865 0.4741 
0.4080 0.4522 0.5482 0.4456 0.4736 0.4728 0.4866 0.4837 0.5447 0.4625 0.3708 1.0000 0.5029 0.4377 0.5141 0.4854 0.5493 0.4522 0.5314 0.4479 0.4843 0.5085 0.5756 0.4610 0.4985 0.5485 0.3902 0.5281 0.4471 0.4661 
0.5020 0.5004 0.6415 0.4958 0.4231 0.5057 0.5626 0.4402 0.4688 0.5347 0.4638 0.5029 1.0000 0.5215 0.5925 0.5305 0.5707 0.4403 0.4498 0.4649 0.5397 0.5943 0.5199 0.5156 0.4346 0.4822 0.4741 0.5929 0.3493 0.5623 
0.5313 0.5239 0.5552 0.4231 0.3978 0.5609 0.5921 0.4084 0.4934 0.5603 0.4622 0.4377 0.5215 1.0000 0.5354 0.5454 0.5221 0.4486 0.3808 0.4900 0.4580 0.5791 0.5149 0.5114 0.4537 0.5073 0.4661 0.5148 0.3313 0.5757 
0.4790 0.4880 0.5954 0.4741 0.4210 0.5461 0.5515 0.4265 0.4414 0.5087 0.4377 0.5141 0.5925 0.5354 1.0000 0.5849 0.6906 0.3989 0.4309 0.5157 0.5211 0.5335 0.4843 0.5617 0.4372 0.4902 0.4550 0.6568 0.3648 0.5811 
0.5074 0.5137 0.5796 0.4911 0.4436 0.5757 0.5775 0.4275 0.5073 0.5183 0.4356 0.4854 0.5305 0.5454 0.5849 1.0000 0.5671 0.4121 0.3953 0.5302 0.4933 0.5745 0.5167 0.5612 0.4932 0.4970 0.4692 0.6439 0.3678 0.5323 
0.4907 0.4921 0.6294 0.4821 0.4027 0.5346 0.5448 0.3865 0.4407 0.5101 0.4381 0.5493 0.5707 0.5221 0.6906 0.5671 1.0000 0.3833 0.4110 0.5325 0.5336 0.5456 0.4854 0.5551 0.4488 0.4882 0.4345 0.6498 0.3736 0.5745 
0.4942 0.4077 0.4447 0.3435 0.4372 0.4354 0.4591 0.4672 0.4926 0.4694 0.3842 0.4522 0.4403 0.4486 0.3989 0.4121 0.3833 1.0000 0.5001 0.4152 0.3765 0.4673 0.5482 0.3913 0.4437 0.5600 0.3499 0.3830 0.3763 0.3884 
0.3600 0.3755 0.4312 0.3754 0.4933 0.4548 0.3916 0.5681 0.5354 0.4547 0.3100 0.5314 0.4498 0.3808 0.4309 0.3953 0.4110 0.5001 1.0000 0.4060 0.4888 0.4350 0.4603 0.3763 0.4103 0.4447 0.3456 0.4391 0.3850 0.4270 
0.4648 0.4608 0.5247 0.5304 0.3787 0.5705 0.5287 0.3961 0.4392 0.5435 0.4096 0.4479 0.4649 0.4900 0.5157 0.5302 0.5325 0.4152 0.4060 1.0000 0.5045 0.5240 0.4724 0.5208 0.3918 0.4632 0.4183 0.4849 0.3446 0.4593 
0.4297 0.4561 0.5259 0.5119 0.3821 0.5280 0.4950 0.4188 0.4242 0.4900 0.3619 0.4843 0.5397 0.4580 0.5211 0.4933 0.5336 0.3765 0.4888 0.5045 1.0000 0.5119 0.4207 0.4689 0.3718 0.3978 0.3956 0.5638 0.3040 0.4923 
0.5809 0.5918 0.6574 0.5145 0.4240 0.5427 0.6571 0.4145 0.5641 0.5838 0.4458 0.5085 0.5943 0.5791 0.5335 0.5745 0.5456 0.4673 0.4350 0.5240 0.5119 1.0000 0.5831 0.5349 0.4695 0.5460 0.5418 0.5284 0.3752 0.5522 
0.5164 0.4951 0.5885 0.4238 0.4899 0.5062 0.5835 0.4821 0.5932 0.4914 0.4618 0.5756 0.5199 0.5149 0.4843 0.5167 0.4854 0.5482 0.4603 0.4724 0.4207 0.5831 1.0000 0.4823 0.5648 0.7570 0.4347 0.4882 0.4569 0.5028 
0.4822 0.4679 0.5454 0.4877 0.3670 0.5780 0.5685 0.4152 0.4364 0.5207 0.4723 0.4610 0.5156 0.5114 0.5617 0.5612 0.5551 0.3913 0.3763 0.5208 0.4689 0.5349 0.4823 1.0000 0.4040 0.4791 0.4434 0.5533 0.3682 0.4661 
0.4234 0.3970 0.4484 0.3813 0.4885 0.4148 0.4668 0.4192 0.5135 0.4195 0.4284 0.4985 0.4346 0.4537 0.4372 0.4932 0.4488 0.4437 0.4103 0.3918 0.3718 0.4695 0.5648 0.4040 1.0000 0.5513 0.3710 0.4595 0.4926 0.4132 
0.5122 0.4654 0.5523 0.3928 0.4676 0.4779 0.5482 0.4578 0.5379 0.4739 0.4629 0.5485 0.4822 0.5073 0.4902 0.4970 0.4882 0.5600 0.4447 0.4632 0.3978 0.5460 0.7570 0.4791 0.5513 1.0000 0.3963 0.4784 0.4450 0.5022 
0.4120 0.4892 0.4700 0.4643 0.3932 0.4473 0.4797 0.3817 0.4520 0.4819 0.4480 0.3902 0.4741 0.4661 0.4550 0.4692 0.4345 0.3499 0.3456 0.4183 0.3956 0.5418 0.4347 0.4434 0.3710 0.3963 1.0000 0.4287 0.3165 0.4381 
0.4800 0.4719 0.6176 0.4653 0.3999 0.5289 0.5437 0.4079 0.4487 0.4795 0.4470 0.5281 0.5929 0.5148 0.6568 0.6439 0.6498 0.3830 0.4391 0.4849 0.5638 0.5284 0.4882 0.5533 0.4595 0.4784 0.4287 1.0000 0.3760 0.5902 
0.3616 0.3353 0.3669 0.3799 0.4407 0.3474 0.3757 0.4342 0.4582 0.3478 0.3865 0.4471 0.3493 0.3313 0.3648 0.3678 0.3736 0.3763 0.3850 0.3446 0.3040 0.3752 0.4569 0.3682 0.4926 0.4450 0.3165 0.3760 1.0000 0.3269 
0.5314 0.5096 0.6276 0.4037 0.4068 0.4965 0.5247 0.3940 0.4770 0.4671 0.4741 0.4661 0.5623 0.5757 0.5811 0.5323 0.5745 0.3884 0.4270 0.4593 0.4923 0.5522 0.5028 0.4661 0.4132 0.5022 0.4381 0.5902 0.3269 1.0000 
