1.0000	0.4804	0.5426	0.4758	0.4540	0.3556	0.3784	0.3831	0.5243	0.3951	0.3694	0.4919	0.4748	0.4010	0.4980	0.4004	0.5125	0.4446	0.3771	0.4688	0.4108	0.4943	0.4332	0.4884	0.5166	0.4331	0.4776	0.5023	0.3794	0.4102
0.4804	1.0000	0.4388	0.5097	0.4755	0.4315	0.3673	0.3788	0.5360	0.4083	0.4725	0.4195	0.4358	0.4438	0.5928	0.4402	0.4611	0.4300	0.4758	0.5268	0.4801	0.5236	0.4225	0.5392	0.5867	0.5023	0.5419	0.5099	0.3925	0.3980
0.5426	0.4388	1.0000	0.3810	0.3805	0.3378	0.3434	0.3627	0.4378	0.3853	0.3361	0.4172	0.4316	0.3820	0.4424	0.3834	0.4697	0.3856	0.3584	0.4557	0.4299	0.4609	0.3991	0.4490	0.4708	0.3678	0.4564	0.3987	0.4162	0.3683
0.4758	0.5097	0.3810	1.0000	0.4825	0.3564	0.3718	0.3476	0.5226	0.4056	0.4292	0.4034	0.4838	0.4250	0.5274	0.3544	0.4797	0.3854	0.4209	0.5041	0.4711	0.5245	0.3742	0.5356	0.5322	0.4587	0.5282	0.5677	0.3697	0.4310
0.4540	0.4755	0.3805	0.4825	1.0000	0.4586	0.3792	0.4290	0.5833	0.4409	0.4439	0.4305	0.4884	0.5008	0.5152	0.4075	0.5034	0.4516	0.4649	0.6115	0.5067	0.5380	0.3892	0.4803	0.4869	0.5260	0.5960	0.5427	0.3958	0.5017
0.3556	0.4315	0.3378	0.3564	0.4586	1.0000	0.4192	0.4075	0.4298	0.4486	0.4170	0.4233	0.4059	0.5542	0.4023	0.5919	0.3960	0.4099	0.4455	0.4698	0.3916	0.4523	0.4479	0.4116	0.4249	0.5518	0.4946	0.4015	0.4104	0.4922
0.3784	0.3673	0.3434	0.3718	0.3792	0.4192	1.0000	0.4734	0.3919	0.4987	0.4094	0.4241	0.4653	0.4791	0.3570	0.4134	0.4270	0.3774	0.5064	0.3872	0.3856	0.3876	0.4795	0.3624	0.4712	0.4699	0.4512	0.3895	0.4422	0.4474
0.3831	0.3788	0.3627	0.3476	0.4290	0.4075	0.4734	1.0000	0.4339	0.4390	0.4234	0.4467	0.3942	0.4907	0.3539	0.3825	0.4215	0.3777	0.4638	0.4034	0.3561	0.4168	0.4646	0.3554	0.4039	0.4710	0.4183	0.3680	0.4408	0.5094
0.5243	0.5360	0.4378	0.5226	0.5833	0.4298	0.3919	0.4339	1.0000	0.4617	0.3949	0.4660	0.5517	0.4973	0.4898	0.4100	0.6225	0.4660	0.4403	0.5861	0.4879	0.6011	0.3937	0.5242	0.5521	0.5256	0.6037	0.5511	0.3818	0.5147
0.3951	0.4083	0.3853	0.4056	0.4409	0.4486	0.4987	0.4390	0.4617	1.0000	0.4633	0.5090	0.5176	0.4982	0.4094	0.4545	0.4512	0.3651	0.4781	0.4411	0.4797	0.4834	0.5170	0.3970	0.4916	0.5214	0.5056	0.4261	0.4788	0.5264
0.3694	0.4725	0.3361	0.4292	0.4439	0.4170	0.4094	0.4234	0.3949	0.4633	1.0000	0.4377	0.3963	0.4906	0.4637	0.4421	0.3642	0.3084	0.5412	0.4683	0.4131	0.4141	0.4725	0.4609	0.4452	0.5668	0.4475	0.4654	0.4407	0.4306
0.4919	0.4195	0.4172	0.4034	0.4305	0.4233	0.4241	0.4467	0.4660	0.5090	0.4377	1.0000	0.4028	0.4967	0.4133	0.4363	0.4379	0.3507	0.4742	0.4226	0.3420	0.4472	0.5256	0.4143	0.4823	0.5264	0.4532	0.4111	0.4677	0.5411
0.4748	0.4358	0.4316	0.4838	0.4884	0.4059	0.4653	0.3942	0.5517	0.5176	0.3963	0.4028	1.0000	0.4566	0.4369	0.4133	0.5735	0.5173	0.3918	0.5338	0.5575	0.5189	0.4283	0.4570	0.5201	0.4471	0.5309	0.4822	0.3985	0.4438
0.4010	0.4438	0.3820	0.4250	0.5008	0.5542	0.4791	0.4907	0.4973	0.4982	0.4906	0.4967	0.4566	1.0000	0.4372	0.4903	0.4617	0.3920	0.5210	0.6016	0.4078	0.5133	0.4796	0.5010	0.4934	0.6098	0.5982	0.4831	0.4603	0.6301
0.4980	0.5928	0.4424	0.5274	0.5152	0.4023	0.3570	0.3539	0.4898	0.4094	0.4637	0.4133	0.4369	0.4372	1.0000	0.4332	0.4691	0.3888	0.4748	0.5557	0.4821	0.5110	0.4151	0.5725	0.5810	0.4898	0.5335	0.5510	0.3767	0.4068
0.4004	0.4402	0.3834	0.3544	0.4075	0.5919	0.4134	0.3825	0.4100	0.4545	0.4421	0.4363	0.4133	0.4903	0.4332	1.0000	0.4080	0.3828	0.4458	0.4275	0.4008	0.4342	0.4908	0.4179	0.4184	0.5445	0.4714	0.3900	0.4240	0.4690
0.5125	0.4611	0.4697	0.4797	0.5034	0.3960	0.4270	0.4215	0.6225	0.4512	0.3642	0.4379	0.5735	0.4617	0.4691	0.4080	1.0000	0.5104	0.3921	0.5453	0.4581	0.5654	0.4432	0.4931	0.5004	0.4749	0.5624	0.4749	0.4153	0.4778
0.4446	0.4300	0.3856	0.3854	0.4516	0.4099	0.3774	0.3777	0.4660	0.3651	0.3084	0.3507	0.5173	0.3920	0.3888	0.3828	0.5104	1.0000	0.3070	0.4577	0.4226	0.4448	0.4013	0.3917	0.4163	0.3807	0.4370	0.4091	0.3316	0.3883
0.3771	0.4758	0.3584	0.4209	0.4649	0.4455	0.5064	0.4638	0.4403	0.4781	0.5412	0.4742	0.3918	0.5210	0.4748	0.4458	0.3921	0.3070	1.0000	0.4647	0.4303	0.4614	0.4603	0.4292	0.5292	0.5965	0.5080	0.4471	0.4559	0.4593
0.4688	0.5268	0.4557	0.5041	0.6115	0.4698	0.3872	0.4034	0.5861	0.4411	0.4683	0.4226	0.5338	0.6016	0.5557	0.4275	0.5453	0.4577	0.4647	1.0000	0.5172	0.6053	0.4120	0.6122	0.5707	0.5503	0.6164	0.5968	0.4109	0.4935
0.4108	0.4801	0.4299	0.4711	0.5067	0.3916	0.3856	0.3561	0.4879	0.4797	0.4131	0.3420	0.5575	0.4078	0.4821	0.4008	0.4581	0.4226	0.4303	0.5172	1.0000	0.4753	0.3614	0.4051	0.5054	0.4585	0.4817	0.4852	0.3585	0.3640
0.4943	0.5236	0.4609	0.5245	0.5380	0.4523	0.3876	0.4168	0.6011	0.4834	0.4141	0.4472	0.5189	0.5133	0.5110	0.4342	0.5654	0.4448	0.4614	0.6053	0.4753	1.0000	0.4309	0.5396	0.5606	0.5402	0.6379	0.5356	0.4270	0.4908
0.4332	0.4225	0.3991	0.3742	0.3892	0.4479	0.4795	0.4646	0.3937	0.5170	0.4725	0.5256	0.4283	0.4796	0.4151	0.4908	0.4432	0.4013	0.4603	0.4120	0.3614	0.4309	1.0000	0.4090	0.4715	0.5522	0.4627	0.3934	0.5322	0.4778
0.4884	0.5392	0.4490	0.5356	0.4803	0.4116	0.3624	0.3554	0.5242	0.3970	0.4609	0.4143	0.4570	0.5010	0.5725	0.4179	0.4931	0.3917	0.4292	0.6122	0.4051	0.5396	0.4090	1.0000	0.5659	0.4613	0.5534	0.5652	0.3833	0.4229
0.5166	0.5867	0.4708	0.5322	0.4869	0.4249	0.4712	0.4039	0.5521	0.4916	0.4452	0.4823	0.5201	0.4934	0.5810	0.4184	0.5004	0.4163	0.5292	0.5707	0.5054	0.5606	0.4715	0.5659	1.0000	0.5161	0.6003	0.5431	0.4244	0.4630
0.4331	0.5023	0.3678	0.4587	0.5260	0.5518	0.4699	0.4710	0.5256	0.5214	0.5668	0.5264	0.4471	0.6098	0.4898	0.5445	0.4749	0.3807	0.5965	0.5503	0.4585	0.5402	0.5522	0.4613	0.5161	1.0000	0.5973	0.5186	0.4765	0.5600
0.4776	0.5419	0.4564	0.5282	0.5960	0.4946	0.4512	0.4183	0.6037	0.5056	0.4475	0.4532	0.5309	0.5982	0.5335	0.4714	0.5624	0.4370	0.5080	0.6164	0.4817	0.6379	0.4627	0.5534	0.6003	0.5973	1.0000	0.5508	0.4429	0.5189
0.5023	0.5099	0.3987	0.5677	0.5427	0.4015	0.3895	0.3680	0.5511	0.4261	0.4654	0.4111	0.4822	0.4831	0.5510	0.3900	0.4749	0.4091	0.4471	0.5968	0.4852	0.5356	0.3934	0.5652	0.5431	0.5186	0.5508	1.0000	0.3848	0.4338
0.3794	0.3925	0.4162	0.3697	0.3958	0.4104	0.4422	0.4408	0.3818	0.4788	0.4407	0.4677	0.3985	0.4603	0.3767	0.4240	0.4153	0.3316	0.4559	0.4109	0.3585	0.4270	0.5322	0.3833	0.4244	0.4765	0.4429	0.3848	1.0000	0.4352
0.4102	0.3980	0.3683	0.4310	0.5017	0.4922	0.4474	0.5094	0.5147	0.5264	0.4306	0.5411	0.4438	0.6301	0.4068	0.4690	0.4778	0.3883	0.4593	0.4935	0.3640	0.4908	0.4778	0.4229	0.4630	0.5600	0.5189	0.4338	0.4352	1.0000
