1.0000	0.9693	0.9879	0.9832	0.9943	0.9874	0.5580	0.9944	0.9832	0.9874	0.9874	0.9832	0.9813	0.9833	0.9832	0.9874	0.9873	0.9875	0.9943	0.9874	0.9874	0.9939	0.9943	0.9874	0.9874	0.9828	0.9852	0.9874	0.9874	0.9696
0.9693	1.0000	0.9659	0.9758	0.9697	0.9663	0.5548	0.9697	0.9754	0.9663	0.9661	0.9754	0.9603	0.9754	0.9754	0.9663	0.9669	0.9659	0.9697	0.9663	0.9663	0.9686	0.9697	0.9663	0.9663	0.9707	0.9752	0.9663	0.9663	0.9944
0.9879	0.9659	1.0000	0.9794	0.9873	0.9982	0.5579	0.9873	0.9795	0.9982	0.9979	0.9794	0.9871	0.9795	0.9795	0.9982	0.9969	0.9980	0.9873	0.9982	0.9982	0.9870	0.9873	0.9982	0.9982	0.9875	0.9811	0.9982	0.9982	0.9663
0.9832	0.9758	0.9794	1.0000	0.9833	0.9796	0.5566	0.9833	0.9980	0.9796	0.9793	0.9979	0.9750	0.9980	0.9980	0.9796	0.9802	0.9790	0.9833	0.9796	0.9796	0.9831	0.9834	0.9796	0.9796	0.9873	0.9969	0.9796	0.9796	0.9767
0.9943	0.9697	0.9873	0.9833	1.0000	0.9875	0.5589	0.9998	0.9838	0.9875	0.9875	0.9838	0.9814	0.9838	0.9838	0.9875	0.9877	0.9873	1.0000	0.9875	0.9875	0.9934	1.0000	0.9875	0.9875	0.9825	0.9859	0.9875	0.9875	0.9701
0.9874	0.9663	0.9982	0.9796	0.9875	1.0000	0.5580	0.9875	0.9797	1.0000	0.9989	0.9797	0.9874	0.9797	0.9797	1.0000	0.9980	0.9984	0.9875	1.0000	1.0000	0.9869	0.9875	1.0000	1.0000	0.9877	0.9814	0.9998	1.0000	0.9668
0.5580	0.5548	0.5579	0.5566	0.5589	0.5580	1.0000	0.5589	0.5572	0.5580	0.5583	0.5572	0.5591	0.5572	0.5572	0.5580	0.5582	0.5583	0.5589	0.5580	0.5580	0.5577	0.5589	0.5580	0.5581	0.5569	0.5574	0.5580	0.5580	0.5542
0.9944	0.9697	0.9873	0.9833	0.9998	0.9875	0.5589	1.0000	0.9838	0.9875	0.9876	0.9838	0.9815	0.9838	0.9838	0.9875	0.9878	0.9874	0.9997	0.9875	0.9875	0.9935	0.9998	0.9875	0.9875	0.9826	0.9859	0.9875	0.9875	0.9701
0.9832	0.9754	0.9795	0.9980	0.9838	0.9797	0.5572	0.9838	1.0000	0.9797	0.9794	0.9998	0.9751	0.9999	1.0000	0.9797	0.9804	0.9791	0.9838	0.9797	0.9797	0.9831	0.9838	0.9797	0.9797	0.9871	0.9979	0.9797	0.9797	0.9763
0.9874	0.9663	0.9982	0.9796	0.9875	1.0000	0.5580	0.9875	0.9797	1.0000	0.9989	0.9797	0.9874	0.9797	0.9797	1.0000	0.9980	0.9984	0.9875	1.0000	1.0000	0.9869	0.9875	1.0000	1.0000	0.9877	0.9814	0.9998	1.0000	0.9668
0.9874	0.9661	0.9979	0.9793	0.9875	0.9989	0.5583	0.9876	0.9794	0.9989	1.0000	0.9794	0.9873	0.9794	0.9794	0.9990	0.9979	0.9991	0.9875	0.9990	0.9989	0.9865	0.9875	0.9989	0.9990	0.9873	0.9811	0.9988	0.9990	0.9666
0.9832	0.9754	0.9794	0.9979	0.9838	0.9797	0.5572	0.9838	0.9998	0.9797	0.9794	1.0000	0.9751	0.9998	0.9998	0.9796	0.9803	0.9790	0.9838	0.9797	0.9796	0.9830	0.9838	0.9796	0.9797	0.9871	0.9978	0.9797	0.9796	0.9763
0.9813	0.9603	0.9871	0.9750	0.9814	0.9874	0.5591	0.9815	0.9751	0.9874	0.9873	0.9751	1.0000	0.9751	0.9751	0.9874	0.9869	0.9874	0.9814	0.9874	0.9874	0.9811	0.9814	0.9874	0.9874	0.9823	0.9765	0.9874	0.9874	0.9610
0.9833	0.9754	0.9795	0.9980	0.9838	0.9797	0.5572	0.9838	0.9999	0.9797	0.9794	0.9998	0.9751	1.0000	0.9998	0.9797	0.9804	0.9791	0.9838	0.9797	0.9797	0.9831	0.9839	0.9797	0.9797	0.9872	0.9979	0.9797	0.9797	0.9763
0.9832	0.9754	0.9795	0.9980	0.9838	0.9797	0.5572	0.9838	1.0000	0.9797	0.9794	0.9998	0.9751	0.9998	1.0000	0.9797	0.9804	0.9791	0.9838	0.9797	0.9797	0.9831	0.9839	0.9797	0.9797	0.9871	0.9979	0.9797	0.9797	0.9763
0.9874	0.9663	0.9982	0.9796	0.9875	1.0000	0.5580	0.9875	0.9797	1.0000	0.9990	0.9796	0.9874	0.9797	0.9797	1.0000	0.9980	0.9984	0.9875	1.0000	1.0000	0.9869	0.9875	1.0000	1.0000	0.9877	0.9814	0.9998	1.0000	0.9668
0.9873	0.9669	0.9969	0.9802	0.9877	0.9980	0.5582	0.9878	0.9804	0.9980	0.9979	0.9803	0.9869	0.9804	0.9804	0.9980	1.0000	0.9971	0.9877	0.9980	0.9980	0.9867	0.9878	0.9980	0.9981	0.9882	0.9820	0.9979	0.9980	0.9674
0.9875	0.9659	0.9980	0.9790	0.9873	0.9984	0.5583	0.9874	0.9791	0.9984	0.9991	0.9790	0.9874	0.9791	0.9791	0.9984	0.9971	1.0000	0.9873	0.9984	0.9984	0.9865	0.9874	0.9984	0.9984	0.9870	0.9807	0.9983	0.9984	0.9663
0.9943	0.9697	0.9873	0.9833	1.0000	0.9875	0.5589	0.9997	0.9838	0.9875	0.9875	0.9838	0.9814	0.9838	0.9838	0.9875	0.9877	0.9873	1.0000	0.9875	0.9875	0.9934	1.0000	0.9875	0.9875	0.9825	0.9859	0.9875	0.9875	0.9701
0.9874	0.9663	0.9982	0.9796	0.9875	1.0000	0.5580	0.9875	0.9797	1.0000	0.9990	0.9797	0.9874	0.9797	0.9797	1.0000	0.9980	0.9984	0.9875	1.0000	1.0000	0.9869	0.9875	1.0000	1.0000	0.9877	0.9814	0.9998	1.0000	0.9668
0.9874	0.9663	0.9982	0.9796	0.9875	1.0000	0.5580	0.9875	0.9797	1.0000	0.9989	0.9796	0.9874	0.9797	0.9797	1.0000	0.9980	0.9984	0.9875	1.0000	1.0000	0.9869	0.9875	1.0000	1.0000	0.9877	0.9814	0.9998	1.0000	0.9668
0.9939	0.9686	0.9870	0.9831	0.9934	0.9869	0.5577	0.9935	0.9831	0.9869	0.9865	0.9830	0.9811	0.9831	0.9831	0.9869	0.9867	0.9865	0.9934	0.9869	0.9869	1.0000	0.9934	0.9869	0.9869	0.9824	0.9850	0.9869	0.9869	0.9690
0.9943	0.9697	0.9873	0.9834	1.0000	0.9875	0.5589	0.9998	0.9838	0.9875	0.9875	0.9838	0.9814	0.9839	0.9839	0.9875	0.9878	0.9874	1.0000	0.9875	0.9875	0.9934	1.0000	0.9875	0.9875	0.9825	0.9859	0.9875	0.9875	0.9701
0.9874	0.9663	0.9982	0.9796	0.9875	1.0000	0.5580	0.9875	0.9797	1.0000	0.9989	0.9796	0.9874	0.9797	0.9797	1.0000	0.9980	0.9984	0.9875	1.0000	1.0000	0.9869	0.9875	1.0000	0.9999	0.9877	0.9814	0.9998	1.0000	0.9668
0.9874	0.9663	0.9982	0.9796	0.9875	1.0000	0.5581	0.9875	0.9797	1.0000	0.9990	0.9797	0.9874	0.9797	0.9797	1.0000	0.9981	0.9984	0.9875	1.0000	1.0000	0.9869	0.9875	0.9999	1.0000	0.9877	0.9814	0.9998	1.0000	0.9668
0.9828	0.9707	0.9875	0.9873	0.9825	0.9877	0.5569	0.9826	0.9871	0.9877	0.9873	0.9871	0.9823	0.9872	0.9871	0.9877	0.9882	0.9870	0.9825	0.9877	0.9877	0.9824	0.9825	0.9877	0.9877	1.0000	0.9877	0.9877	0.9877	0.9715
0.9852	0.9752	0.9811	0.9969	0.9859	0.9814	0.5574	0.9859	0.9979	0.9814	0.9811	0.9978	0.9765	0.9979	0.9979	0.9814	0.9820	0.9807	0.9859	0.9814	0.9814	0.9850	0.9859	0.9814	0.9814	0.9877	1.0000	0.9814	0.9814	0.9761
0.9874	0.9663	0.9982	0.9796	0.9875	0.9998	0.5580	0.9875	0.9797	0.9998	0.9988	0.9797	0.9874	0.9797	0.9797	0.9998	0.9979	0.9983	0.9875	0.9998	0.9998	0.9869	0.9875	0.9998	0.9998	0.9877	0.9814	1.0000	0.9998	0.9668
0.9874	0.9663	0.9982	0.9796	0.9875	1.0000	0.5580	0.9875	0.9797	1.0000	0.9990	0.9796	0.9874	0.9797	0.9797	1.0000	0.9980	0.9984	0.9875	1.0000	1.0000	0.9869	0.9875	1.0000	1.0000	0.9877	0.9814	0.9998	1.0000	0.9668
0.9696	0.9944	0.9663	0.9767	0.9701	0.9668	0.5542	0.9701	0.9763	0.9668	0.9666	0.9763	0.9610	0.9763	0.9763	0.9668	0.9674	0.9663	0.9701	0.9668	0.9668	0.9690	0.9701	0.9668	0.9668	0.9715	0.9761	0.9668	0.9668	1.0000
