
Using the parameter settings in the file: 
''15200/clumpp.paramfile''

Parameter settings
----------------------- Main parameters -------------------------
DATATYPE = 0
INDFILE = 15200/ClumppIndFile
POPFILE = 
OUTFILE = 15200/ClumppIndFile.output
MISCFILE = 15200/ClumppIndFile.misc
K = 10
C = 121
R = 29
M = 3
W = 0
S = 2
- Additional options for the Greedy and LargeKGreedy algorithms -
GREEDY_OPTION = 2
REPEATS = 2000
PERMUTATIONFILE = 
----------------------- Optional outputs ------------------------
PRINT_PERMUTED_DATA = 1
PERMUTED_DATAFILE = arabid.perm_datafile
PRINT_EVERY_PERM = 0
EVERY_PERMFILE = 
PRINT_RANDOM_INPUTORDER = 0
RANDOM_INPUTORDERFILE = 
----------------------- Advanced options ------------------------
OVERRIDE_WARNINGS = 0
ORDER_BY_RUN = 1


In total, 2000 configurations of runs and clusters will be tested.

Results
------------------------------
The highest value of H' is: 0.57375523648388

The list of permutations of the clusters that produces that
H' value is (runs are listed sequentially on separate rows)

1 2 3 4 5 6 7 8 9 10 
3 2 1 5 6 10 8 9 7 4 
6 10 4 5 1 7 8 9 3 2 
4 7 10 8 1 2 3 6 9 5 
6 3 9 4 2 10 5 8 1 7 
8 3 4 10 1 5 9 6 2 7 
2 9 3 4 10 6 1 7 5 8 
5 1 8 4 2 9 7 10 6 3 
3 10 6 2 9 1 7 8 5 4 
10 9 2 1 6 5 3 7 8 4 
4 9 10 2 6 1 7 3 5 8 
6 3 8 5 10 2 7 4 9 1 
8 1 10 5 4 7 9 3 6 2 
10 7 2 5 3 9 8 6 1 4 
3 7 1 10 9 8 5 6 2 4 
6 1 3 5 2 7 10 8 4 9 
3 1 5 9 4 6 8 7 2 10 
1 10 2 6 4 8 9 5 7 3 
9 8 6 1 3 2 10 5 7 4 
3 6 5 2 7 4 9 8 1 10 
6 10 3 9 5 8 7 2 4 1 
6 4 5 2 9 7 1 10 8 3 
9 4 8 7 3 10 2 6 5 1 
9 10 6 1 8 3 2 7 5 4 
5 2 1 4 8 9 6 10 7 3 
1 7 8 9 10 4 3 5 6 2 
9 3 8 4 5 1 7 10 2 6 
2 1 5 7 10 4 8 3 9 6 
6 9 4 2 7 10 8 1 3 5 

The pairwise G' values for each pair of runs where the clusters
of each run are permuted according to the list of permutations above

1.0000 0.5613 0.5334 0.5649 0.6671 0.6560 0.6596 0.5069 0.5895 0.4898 0.6728 0.6352 0.7094 0.6332 0.4945 0.7845 0.5558 0.5701 0.5263 0.6209 0.6040 0.6443 0.5671 0.6391 0.5108 0.5150 0.5263 0.5292 0.4736 
0.5613 1.0000 0.4688 0.5380 0.5512 0.5457 0.5458 0.4689 0.5298 0.5627 0.6759 0.5444 0.6306 0.5199 0.6345 0.5363 0.4828 0.5372 0.4477 0.5283 0.4739 0.5253 0.5267 0.5097 0.5620 0.5537 0.5575 0.6012 0.5568 
0.5334 0.4688 1.0000 0.6344 0.5894 0.5730 0.5674 0.5505 0.6376 0.5789 0.5931 0.4993 0.6035 0.5066 0.5162 0.4936 0.4808 0.5367 0.5949 0.6239 0.5728 0.5562 0.5489 0.6673 0.5622 0.5709 0.5163 0.5740 0.4389 
0.5649 0.5380 0.6344 1.0000 0.6306 0.6445 0.6318 0.5553 0.6908 0.6383 0.6767 0.5459 0.6359 0.5644 0.6580 0.5573 0.5907 0.5886 0.5808 0.6796 0.6223 0.5849 0.5928 0.6357 0.6815 0.5221 0.6118 0.6521 0.4915 
0.6671 0.5512 0.5894 0.6306 1.0000 0.7136 0.7150 0.5086 0.6517 0.5397 0.7131 0.6245 0.7453 0.6503 0.5188 0.6139 0.5705 0.5771 0.5632 0.6161 0.5977 0.6946 0.5661 0.6346 0.5593 0.4884 0.5124 0.5765 0.4695 
0.6560 0.5457 0.5730 0.6445 0.7136 1.0000 0.7194 0.5139 0.6344 0.5276 0.6973 0.6108 0.7190 0.6150 0.5305 0.6179 0.5370 0.5400 0.5817 0.6015 0.5693 0.6621 0.5569 0.6125 0.5631 0.4776 0.5235 0.5564 0.4592 
0.6596 0.5458 0.5674 0.6318 0.7150 0.7194 1.0000 0.5166 0.6369 0.5308 0.6825 0.6172 0.7203 0.6020 0.5323 0.6181 0.5429 0.5457 0.5732 0.6026 0.5739 0.8347 0.5472 0.6147 0.5696 0.4997 0.5089 0.5665 0.4633 
0.5069 0.4689 0.5505 0.5553 0.5086 0.5139 0.5166 1.0000 0.5843 0.5426 0.5161 0.4419 0.5126 0.4455 0.5106 0.4548 0.5239 0.4843 0.6027 0.5529 0.5036 0.5100 0.4809 0.5835 0.5088 0.5141 0.4715 0.5385 0.4229 
0.5895 0.5298 0.6376 0.6908 0.6517 0.6344 0.6369 0.5843 1.0000 0.6304 0.6305 0.5561 0.6747 0.5618 0.6277 0.5361 0.5270 0.6832 0.5881 0.7858 0.6920 0.6174 0.5304 0.6788 0.6687 0.5594 0.6226 0.6984 0.4947 
0.4898 0.5627 0.5789 0.6383 0.5397 0.5276 0.5308 0.5426 0.6304 1.0000 0.5780 0.4655 0.5512 0.4840 0.6584 0.4684 0.4903 0.5991 0.5360 0.6065 0.5428 0.5170 0.5459 0.5872 0.6696 0.6053 0.6217 0.6842 0.5498 
0.6728 0.6759 0.5931 0.6767 0.7131 0.6973 0.6825 0.5161 0.6305 0.5780 1.0000 0.6486 0.8473 0.6408 0.5479 0.6207 0.5943 0.5707 0.5369 0.6318 0.6083 0.6596 0.6330 0.6493 0.5702 0.5156 0.5604 0.5959 0.5397 
0.6352 0.5444 0.4993 0.5459 0.6245 0.6108 0.6172 0.4419 0.5561 0.4655 0.6486 1.0000 0.6762 0.5946 0.4593 0.5929 0.5115 0.5375 0.4800 0.5904 0.5694 0.5868 0.5378 0.6049 0.4922 0.4653 0.4958 0.4977 0.6252 
0.7094 0.6306 0.6035 0.6359 0.7453 0.7190 0.7203 0.5126 0.6747 0.5512 0.8473 0.6762 1.0000 0.6628 0.5220 0.6479 0.5723 0.5960 0.5719 0.6727 0.6342 0.6981 0.6069 0.6835 0.5646 0.5270 0.5469 0.5852 0.5166 
0.6332 0.5199 0.5066 0.5644 0.6503 0.6150 0.6020 0.4455 0.5618 0.4840 0.6408 0.5946 0.6628 1.0000 0.4658 0.6988 0.5395 0.5643 0.5456 0.5993 0.5841 0.5864 0.6442 0.6104 0.4983 0.4833 0.5152 0.5128 0.4716 
0.4945 0.6345 0.5162 0.6580 0.5188 0.5305 0.5323 0.5106 0.6277 0.6584 0.5479 0.4593 0.5220 0.4658 1.0000 0.4837 0.4659 0.6053 0.4829 0.5942 0.5506 0.4922 0.4872 0.5281 0.7076 0.6122 0.6561 0.6994 0.4877 
0.7845 0.5363 0.4936 0.5573 0.6139 0.6179 0.6181 0.4548 0.5361 0.4684 0.6207 0.5929 0.6479 0.6988 0.4837 1.0000 0.5342 0.5464 0.5449 0.5711 0.5501 0.5837 0.6188 0.5897 0.4983 0.4895 0.5091 0.5073 0.4538 
0.5558 0.4828 0.4808 0.5907 0.5705 0.5370 0.5429 0.5239 0.5270 0.4903 0.5943 0.5115 0.5723 0.5395 0.4659 0.5342 1.0000 0.5305 0.5432 0.5597 0.5310 0.5326 0.5442 0.5637 0.4844 0.4559 0.4922 0.4993 0.4718 
0.5701 0.5372 0.5367 0.5886 0.5771 0.5400 0.5457 0.4843 0.6832 0.5991 0.5707 0.5375 0.5960 0.5643 0.6053 0.5464 0.5305 1.0000 0.5222 0.6993 0.6430 0.5279 0.5352 0.6334 0.6424 0.5950 0.6715 0.6659 0.5230 
0.5263 0.4477 0.5949 0.5808 0.5632 0.5817 0.5732 0.6027 0.5881 0.5360 0.5369 0.4800 0.5719 0.5456 0.4829 0.5449 0.5432 0.5222 1.0000 0.5577 0.5251 0.5667 0.5907 0.6472 0.5221 0.5289 0.4758 0.5463 0.4257 
0.6209 0.5283 0.6239 0.6796 0.6161 0.6015 0.6026 0.5529 0.7858 0.6065 0.6318 0.5904 0.6727 0.5993 0.5942 0.5711 0.5597 0.6993 0.5577 1.0000 0.7076 0.5814 0.5651 0.7286 0.6433 0.6051 0.6600 0.6434 0.5243 
0.6040 0.4739 0.5728 0.6223 0.5977 0.5693 0.5739 0.5036 0.6920 0.5428 0.6083 0.5694 0.6342 0.5841 0.5506 0.5501 0.5310 0.6430 0.5251 0.7076 1.0000 0.5678 0.5721 0.6853 0.5624 0.5434 0.5885 0.5851 0.4695 
0.6443 0.5253 0.5562 0.5849 0.6946 0.6621 0.8347 0.5100 0.6174 0.5170 0.6596 0.5868 0.6981 0.5864 0.4922 0.5837 0.5326 0.5279 0.5667 0.5814 0.5678 1.0000 0.5270 0.5967 0.5299 0.4961 0.4815 0.5502 0.4504 
0.5671 0.5267 0.5489 0.5928 0.5661 0.5569 0.5472 0.4809 0.5304 0.5459 0.6330 0.5378 0.6069 0.6442 0.4872 0.6188 0.5442 0.5352 0.5907 0.5651 0.5721 0.5270 1.0000 0.6753 0.5140 0.5352 0.5460 0.5341 0.5009 
0.6391 0.5097 0.6673 0.6357 0.6346 0.6125 0.6147 0.5835 0.6788 0.5872 0.6493 0.6049 0.6835 0.6104 0.5281 0.5897 0.5637 0.6334 0.6472 0.7286 0.6853 0.5967 0.6753 1.0000 0.5661 0.6258 0.5820 0.5972 0.5179 
0.5108 0.5620 0.5622 0.6815 0.5593 0.5631 0.5696 0.5088 0.6687 0.6696 0.5702 0.4922 0.5646 0.4983 0.7076 0.4983 0.4844 0.6424 0.5221 0.6433 0.5624 0.5299 0.5140 0.5661 1.0000 0.5654 0.7385 0.8049 0.5010 
0.5150 0.5537 0.5709 0.5221 0.4884 0.4776 0.4997 0.5141 0.5594 0.6053 0.5156 0.4653 0.5270 0.4833 0.6122 0.4895 0.4559 0.5950 0.5289 0.6051 0.5434 0.4961 0.5352 0.6258 0.5654 1.0000 0.5984 0.5976 0.4927 
0.5263 0.5575 0.5163 0.6118 0.5124 0.5235 0.5089 0.4715 0.6226 0.6217 0.5604 0.4958 0.5469 0.5152 0.6561 0.5091 0.4922 0.6715 0.4758 0.6600 0.5885 0.4815 0.5460 0.5820 0.7385 0.5984 1.0000 0.7353 0.5193 
0.5292 0.6012 0.5740 0.6521 0.5765 0.5564 0.5665 0.5385 0.6984 0.6842 0.5959 0.4977 0.5852 0.5128 0.6994 0.5073 0.4993 0.6659 0.5463 0.6434 0.5851 0.5502 0.5341 0.5972 0.8049 0.5976 0.7353 1.0000 0.5279 
0.4736 0.5568 0.4389 0.4915 0.4695 0.4592 0.4633 0.4229 0.4947 0.5498 0.5397 0.6252 0.5166 0.4716 0.4877 0.4538 0.4718 0.5230 0.4257 0.5243 0.4695 0.4504 0.5009 0.5179 0.5010 0.4927 0.5193 0.5279 1.0000 
