1.0000	0.6748	0.6669	0.8284	0.8346	0.6421	0.6516	0.8342	0.6920	0.6097	0.8346	0.6787	0.6858	0.6262	0.6212	0.6020	0.7101	0.6522	0.5499	0.6306	0.9825	0.7316	0.6627	0.5003	0.7571	0.6225	0.5100	0.9299	0.7844	0.6208
0.6748	1.0000	0.5748	0.6414	0.6338	0.6909	0.5238	0.6342	0.5486	0.4973	0.6338	0.6936	0.5570	0.5605	0.5709	0.4927	0.7318	0.7792	0.5677	0.5131	0.6746	0.5716	0.5392	0.6277	0.6021	0.5531	0.5774	0.6759	0.6161	0.5072
0.6669	0.5748	1.0000	0.6277	0.6401	0.5441	0.5956	0.6408	0.6769	0.5533	0.6401	0.5747	0.6058	0.5621	0.5410	0.5438	0.5975	0.5642	0.5250	0.5645	0.6685	0.6590	0.5864	0.4779	0.6776	0.5680	0.4873	0.6543	0.7086	0.5538
0.8284	0.6414	0.6277	1.0000	0.9531	0.6153	0.6186	0.9508	0.7313	0.6513	0.9531	0.6450	0.7384	0.5963	0.6121	0.6435	0.6737	0.6186	0.5312	0.6004	0.8278	0.6895	0.6300	0.4833	0.8104	0.5923	0.4928	0.8774	0.7221	0.6700
0.8346	0.6338	0.6401	0.9531	1.0000	0.6048	0.6134	0.9881	0.7417	0.6439	0.9999	0.6372	0.7292	0.5900	0.6030	0.6356	0.6650	0.6133	0.5175	0.5940	0.8345	0.6848	0.6226	0.4709	0.8189	0.5869	0.4800	0.8841	0.7282	0.6575
0.6421	0.6909	0.5441	0.6153	0.6048	1.0000	0.4984	0.6043	0.5158	0.4736	0.6048	0.6594	0.5326	0.5139	0.5238	0.4692	0.6896	0.7748	0.5399	0.4886	0.6416	0.5556	0.5135	0.5532	0.5685	0.4911	0.6247	0.6410	0.5800	0.4883
0.6516	0.5238	0.5956	0.6186	0.6134	0.4984	1.0000	0.6148	0.6417	0.7280	0.6134	0.5666	0.6383	0.6646	0.6548	0.8042	0.5415	0.4998	0.7000	0.7215	0.6517	0.6655	0.9278	0.6232	0.6419	0.6645	0.6328	0.6499	0.6988	0.6408
0.8342	0.6342	0.6408	0.9508	0.9881	0.6043	0.6148	1.0000	0.7450	0.6455	0.9881	0.6370	0.7304	0.5913	0.6044	0.6371	0.6649	0.6137	0.5186	0.5953	0.8342	0.6842	0.6240	0.4719	0.8211	0.5882	0.4811	0.8850	0.7302	0.6589
0.6920	0.5486	0.6769	0.7313	0.7417	0.5158	0.6417	0.7450	1.0000	0.6691	0.7417	0.5444	0.7327	0.6110	0.6197	0.6583	0.5676	0.5364	0.5246	0.6151	0.6971	0.6818	0.6443	0.4784	0.8589	0.6111	0.4875	0.7210	0.8049	0.6671
0.6097	0.4973	0.5533	0.6513	0.6439	0.4736	0.7280	0.6455	0.6691	1.0000	0.6439	0.5172	0.6733	0.6192	0.6335	0.7743	0.5140	0.4743	0.6042	0.7520	0.6096	0.6202	0.7520	0.5469	0.6746	0.6171	0.5662	0.6339	0.6493	0.6751
0.8346	0.6338	0.6401	0.9531	0.9999	0.6048	0.6134	0.9881	0.7417	0.6439	1.0000	0.6372	0.7292	0.5900	0.6030	0.6356	0.6650	0.6133	0.5175	0.5940	0.8345	0.6848	0.6226	0.4709	0.8189	0.5869	0.4800	0.8841	0.7282	0.6575
0.6787	0.6936	0.5747	0.6450	0.6372	0.6594	0.5666	0.6370	0.5444	0.5172	0.6372	1.0000	0.5560	0.5034	0.5126	0.5343	0.7317	0.6694	0.6174	0.5262	0.6783	0.5785	0.5794	0.5585	0.6016	0.4969	0.5672	0.6775	0.6125	0.5024
0.6858	0.5570	0.6058	0.7384	0.7292	0.5326	0.6383	0.7304	0.7327	0.6733	0.7292	0.5560	1.0000	0.6153	0.6317	0.6648	0.5810	0.5375	0.5474	0.6193	0.6858	0.7373	0.6505	0.4979	0.7704	0.6109	0.5078	0.7103	0.7180	0.6985
0.6262	0.5605	0.5621	0.5963	0.5900	0.5139	0.6646	0.5913	0.6110	0.6192	0.5900	0.5034	0.6153	1.0000	0.8537	0.6109	0.5260	0.5351	0.5549	0.6408	0.6261	0.6374	0.6730	0.5578	0.6156	0.8126	0.5594	0.6257	0.6668	0.6167
0.6212	0.5709	0.5410	0.6121	0.6030	0.5238	0.6548	0.6044	0.6197	0.6335	0.6030	0.5126	0.6317	0.8537	1.0000	0.6254	0.5360	0.5359	0.5651	0.6346	0.6210	0.6285	0.6677	0.5781	0.6311	0.7960	0.5697	0.6308	0.6609	0.6311
0.6020	0.4927	0.5438	0.6435	0.6356	0.4692	0.8042	0.6371	0.6583	0.7743	0.6356	0.5343	0.6648	0.6109	0.6254	1.0000	0.5092	0.4699	0.6801	0.6678	0.6019	0.6119	0.8150	0.5842	0.6651	0.6081	0.6027	0.6258	0.6398	0.6659
0.7101	0.7318	0.5975	0.6737	0.6650	0.6896	0.5415	0.6649	0.5676	0.5140	0.6650	0.7317	0.5810	0.5260	0.5360	0.5092	1.0000	0.6994	0.6074	0.5303	0.7098	0.5975	0.5575	0.5337	0.6262	0.5195	0.5437	0.7092	0.6401	0.5248
0.6522	0.7792	0.5642	0.6186	0.6133	0.7748	0.4998	0.6137	0.5364	0.4743	0.6133	0.6694	0.5375	0.5351	0.5359	0.4699	0.6994	1.0000	0.5412	0.4893	0.6527	0.5589	0.5142	0.5787	0.5906	0.5109	0.5989	0.6519	0.6025	0.4824
0.5499	0.5677	0.5250	0.5312	0.5175	0.5399	0.7000	0.5186	0.5246	0.6042	0.5175	0.6174	0.5474	0.5549	0.5651	0.6801	0.6074	0.5412	1.0000	0.5971	0.5496	0.5562	0.7156	0.6796	0.5453	0.5478	0.7003	0.5539	0.5825	0.5414
0.6306	0.5131	0.5645	0.6004	0.5940	0.4886	0.7215	0.5953	0.6151	0.7520	0.5940	0.5262	0.6193	0.6408	0.6346	0.6678	0.5303	0.4893	0.5971	1.0000	0.6305	0.6416	0.7440	0.5481	0.6196	0.6382	0.5619	0.6302	0.6718	0.6209
0.9825	0.6746	0.6685	0.8278	0.8345	0.6416	0.6517	0.8342	0.6971	0.6096	0.8345	0.6783	0.6858	0.6261	0.6210	0.6019	0.7098	0.6527	0.5496	0.6305	1.0000	0.7325	0.6626	0.5000	0.7587	0.6225	0.5097	0.9294	0.7882	0.6193
0.7316	0.5716	0.6590	0.6895	0.6848	0.5556	0.6655	0.6842	0.6818	0.6202	0.6848	0.5785	0.7373	0.6374	0.6285	0.6119	0.5975	0.5589	0.5562	0.6416	0.7325	1.0000	0.6733	0.5060	0.7105	0.6357	0.5159	0.7199	0.7590	0.6460
0.6627	0.5392	0.5864	0.6300	0.6226	0.5135	0.9278	0.6240	0.6443	0.7520	0.6226	0.5794	0.6505	0.6730	0.6677	0.8150	0.5575	0.5142	0.7156	0.7440	0.6626	0.6733	1.0000	0.6312	0.6505	0.6695	0.6483	0.6624	0.7083	0.6522
0.5003	0.6277	0.4779	0.4833	0.4709	0.5532	0.6232	0.4719	0.4784	0.5469	0.4709	0.5585	0.4979	0.5578	0.5781	0.5842	0.5337	0.5787	0.6796	0.5481	0.5000	0.5060	0.6312	1.0000	0.4966	0.5608	0.7513	0.5039	0.5300	0.4926
0.7571	0.6021	0.6776	0.8104	0.8189	0.5685	0.6419	0.8211	0.8589	0.6746	0.8189	0.6016	0.7704	0.6156	0.6311	0.6651	0.6262	0.5906	0.5453	0.6196	0.7587	0.7105	0.6505	0.4966	1.0000	0.6123	0.5063	0.7925	0.8185	0.6775
0.6225	0.5531	0.5680	0.5923	0.5869	0.4911	0.6645	0.5882	0.6111	0.6171	0.5869	0.4969	0.6109	0.8126	0.7960	0.6081	0.5195	0.5109	0.5478	0.6382	0.6225	0.6357	0.6695	0.5608	0.6123	1.0000	0.5345	0.6210	0.6638	0.6131
0.5100	0.5774	0.4873	0.4928	0.4800	0.6247	0.6328	0.4811	0.4875	0.5662	0.4800	0.5672	0.5078	0.5594	0.5697	0.6027	0.5437	0.5989	0.7003	0.5619	0.5097	0.5159	0.6483	0.7513	0.5063	0.5345	1.0000	0.5137	0.5402	0.5022
0.9299	0.6759	0.6543	0.8774	0.8841	0.6410	0.6499	0.8850	0.7210	0.6339	0.8841	0.6775	0.7103	0.6257	0.6308	0.6258	0.7092	0.6519	0.5539	0.6302	0.9294	0.7199	0.6624	0.5039	0.7925	0.6210	0.5137	1.0000	0.7806	0.6458
0.7844	0.6161	0.7086	0.7221	0.7282	0.5800	0.6988	0.7302	0.8049	0.6493	0.7282	0.6125	0.7180	0.6668	0.6609	0.6398	0.6401	0.6025	0.5825	0.6718	0.7882	0.7590	0.7083	0.5300	0.8185	0.6638	0.5402	0.7806	1.0000	0.6540
0.6208	0.5072	0.5538	0.6700	0.6575	0.4883	0.6408	0.6589	0.6671	0.6751	0.6575	0.5024	0.6985	0.6167	0.6311	0.6659	0.5248	0.4824	0.5414	0.6209	0.6193	0.6460	0.6522	0.4926	0.6775	0.6131	0.5022	0.6458	0.6540	1.0000
