1.0000	0.7751	0.4803	0.8345	0.6039	0.7902	0.5327	0.6274	0.5053	0.7507	0.6120	0.6484	0.5342	0.5206	0.7245	0.6742	0.6647	0.4831	0.5445	0.5907	0.5483	0.5863	0.6344	0.5944	0.6755	0.7753	0.5884	0.8152	0.7381	0.7822
0.7751	1.0000	0.4711	0.8857	0.6222	0.8070	0.5380	0.6595	0.5069	0.6644	0.6128	0.6717	0.5469	0.5119	0.8280	0.6476	0.6211	0.4703	0.5368	0.6092	0.5816	0.5891	0.6235	0.6004	0.6684	0.7924	0.6278	0.7820	0.7944	0.9349
0.4803	0.4711	1.0000	0.4912	0.5296	0.4741	0.4488	0.4905	0.4527	0.4528	0.4998	0.4657	0.4849	0.5575	0.4915	0.5146	0.4689	0.5107	0.5378	0.5623	0.4769	0.4134	0.4686	0.5003	0.4849	0.4729	0.5611	0.4725	0.5188	0.4823
0.8345	0.8857	0.4912	1.0000	0.6406	0.8225	0.5458	0.6800	0.5114	0.7080	0.6327	0.6718	0.5521	0.5336	0.7991	0.6836	0.6450	0.4840	0.5590	0.6215	0.5907	0.5873	0.6359	0.6159	0.6928	0.7878	0.6298	0.8139	0.8105	0.8935
0.6039	0.6222	0.5296	0.6406	1.0000	0.6363	0.5250	0.6914	0.5553	0.6117	0.6868	0.5533	0.6491	0.6365	0.6397	0.5316	0.5609	0.6328	0.6894	0.6477	0.6518	0.5291	0.5438	0.8747	0.6502	0.6111	0.5611	0.6202	0.6683	0.6261
0.7902	0.8070	0.4741	0.8225	0.6363	1.0000	0.5190	0.6352	0.5464	0.7449	0.6657	0.6409	0.5998	0.5114	0.7573	0.6482	0.6128	0.5277	0.5943	0.6254	0.5743	0.6295	0.6023	0.6577	0.7283	0.7338	0.6107	0.8774	0.7622	0.8047
0.5327	0.5380	0.4488	0.5458	0.5250	0.5190	1.0000	0.5249	0.6163	0.5086	0.5190	0.5751	0.5401	0.4240	0.5566	0.4626	0.5574	0.4424	0.4303	0.5278	0.5188	0.5968	0.5414	0.5023	0.5047	0.5436	0.4337	0.5252	0.5741	0.5287
0.6274	0.6595	0.4905	0.6800	0.6914	0.6352	0.5249	1.0000	0.5674	0.6180	0.7098	0.5450	0.5626	0.5874	0.6177	0.5444	0.5490	0.5162	0.6109	0.6016	0.5930	0.5123	0.5391	0.6646	0.6708	0.5948	0.5458	0.6334	0.6345	0.6623
0.5053	0.5069	0.4527	0.5114	0.5553	0.5464	0.6163	0.5674	1.0000	0.5305	0.6165	0.5403	0.6187	0.4345	0.5248	0.4215	0.5536	0.5013	0.4950	0.5567	0.5788	0.6096	0.5345	0.5724	0.5702	0.4909	0.4109	0.5444	0.5392	0.5005
0.7507	0.6644	0.4528	0.7080	0.6117	0.7449	0.5086	0.6180	0.5305	1.0000	0.6484	0.5541	0.5744	0.4922	0.6323	0.5947	0.6092	0.4992	0.5723	0.5962	0.5485	0.5549	0.5700	0.6345	0.7094	0.6639	0.5149	0.7325	0.6447	0.6624
0.6120	0.6128	0.4998	0.6327	0.6868	0.6657	0.5190	0.7098	0.6165	0.6484	1.0000	0.5107	0.6296	0.5625	0.5758	0.5156	0.5150	0.5385	0.6663	0.5852	0.5682	0.5244	0.5038	0.7042	0.7050	0.5567	0.5183	0.6649	0.5934	0.6182
0.6484	0.6717	0.4657	0.6718	0.5533	0.6409	0.5751	0.5450	0.5403	0.5541	0.5107	1.0000	0.5620	0.4490	0.7002	0.5502	0.7757	0.5395	0.4537	0.6243	0.5866	0.6227	0.7858	0.5336	0.5718	0.6486	0.5115	0.6501	0.7050	0.6675
0.5342	0.5469	0.4849	0.5521	0.6491	0.5998	0.5401	0.5626	0.6187	0.5744	0.6296	0.5620	1.0000	0.5128	0.5856	0.4623	0.5634	0.5981	0.5564	0.6290	0.5868	0.5729	0.5414	0.6632	0.6066	0.5400	0.4653	0.5771	0.5955	0.5404
0.5206	0.5119	0.5575	0.5336	0.6365	0.5114	0.4240	0.5874	0.4345	0.4922	0.5625	0.4490	0.5128	1.0000	0.4848	0.5989	0.4541	0.5896	0.6911	0.4908	0.4909	0.4177	0.4416	0.5963	0.5270	0.4758	0.5906	0.5111	0.5074	0.5240
0.7245	0.8280	0.4915	0.7991	0.6397	0.7573	0.5566	0.6177	0.5248	0.6323	0.5758	0.7002	0.5856	0.4848	1.0000	0.6142	0.6522	0.4960	0.5075	0.6572	0.6278	0.6143	0.6459	0.6159	0.6205	0.8427	0.6004	0.7179	0.8726	0.8150
0.6742	0.6476	0.5146	0.6836	0.5316	0.6482	0.4626	0.5444	0.4215	0.5947	0.5156	0.5502	0.4623	0.5989	0.6142	1.0000	0.5387	0.4868	0.5727	0.5156	0.4876	0.4805	0.5177	0.5069	0.5560	0.6311	0.6553	0.6443	0.6467	0.6642
0.6647	0.6211	0.4689	0.6450	0.5609	0.6128	0.5574	0.5490	0.5536	0.6092	0.5150	0.7757	0.5634	0.4541	0.6522	0.5387	1.0000	0.5560	0.4581	0.6258	0.5797	0.6038	0.8074	0.5405	0.5764	0.6453	0.4772	0.6117	0.6604	0.6128
0.4831	0.4703	0.5107	0.4840	0.6328	0.5277	0.4424	0.5162	0.5013	0.4992	0.5385	0.5395	0.5981	0.5896	0.4960	0.4868	0.5560	1.0000	0.6632	0.5612	0.5343	0.4918	0.5275	0.6480	0.5440	0.4648	0.5126	0.5169	0.5113	0.4749
0.5445	0.5368	0.5378	0.5590	0.6894	0.5943	0.4303	0.6109	0.4950	0.5723	0.6663	0.4537	0.5564	0.6911	0.5075	0.5727	0.4581	0.6632	1.0000	0.5234	0.5299	0.4652	0.4431	0.6977	0.6123	0.4947	0.6064	0.5840	0.5281	0.5488
0.5907	0.6092	0.5623	0.6215	0.6477	0.6254	0.5278	0.6016	0.5567	0.5962	0.5852	0.6243	0.6290	0.4908	0.6572	0.5156	0.6258	0.5612	0.5234	1.0000	0.6730	0.5381	0.5996	0.6354	0.6358	0.6085	0.4866	0.6047	0.6740	0.6075
0.5483	0.5816	0.4769	0.5907	0.6518	0.5743	0.5188	0.5930	0.5788	0.5485	0.5682	0.5866	0.5868	0.4909	0.6278	0.4876	0.5797	0.5343	0.5299	0.6730	1.0000	0.5360	0.5605	0.6352	0.5786	0.5787	0.4760	0.5511	0.6389	0.5780
0.5863	0.5891	0.4134	0.5873	0.5291	0.6295	0.5968	0.5123	0.6096	0.5549	0.5244	0.6227	0.5729	0.4177	0.6143	0.4805	0.6038	0.4918	0.4652	0.5381	0.5360	1.0000	0.5898	0.5476	0.5505	0.5811	0.4708	0.6240	0.6167	0.5789
0.6344	0.6235	0.4686	0.6359	0.5438	0.6023	0.5414	0.5391	0.5345	0.5700	0.5038	0.7858	0.5414	0.4416	0.6459	0.5177	0.8074	0.5275	0.4431	0.5996	0.5605	0.5898	1.0000	0.5253	0.5662	0.6231	0.4698	0.6069	0.6488	0.6137
0.5944	0.6004	0.5003	0.6159	0.8747	0.6577	0.5023	0.6646	0.5724	0.6345	0.7042	0.5336	0.6632	0.5963	0.6159	0.5069	0.5405	0.6480	0.6977	0.6354	0.6352	0.5476	0.5253	1.0000	0.6771	0.5877	0.5311	0.6435	0.6407	0.6020
0.6755	0.6684	0.4849	0.6928	0.6502	0.7283	0.5047	0.6708	0.5702	0.7094	0.7050	0.5718	0.6066	0.5270	0.6205	0.5560	0.5764	0.5440	0.6123	0.6358	0.5786	0.5505	0.5662	0.6771	1.0000	0.5992	0.5166	0.7429	0.6401	0.6753
0.7753	0.7924	0.4729	0.7878	0.6111	0.7338	0.5436	0.5948	0.4909	0.6639	0.5567	0.6486	0.5400	0.4758	0.8427	0.6311	0.6453	0.4648	0.4947	0.6085	0.5787	0.5811	0.6231	0.5877	0.5992	1.0000	0.5882	0.7054	0.8032	0.7849
0.5884	0.6278	0.5611	0.6298	0.5611	0.6107	0.4337	0.5458	0.4109	0.5149	0.5183	0.5115	0.4653	0.5906	0.6004	0.6553	0.4772	0.5126	0.6064	0.4866	0.4760	0.4708	0.4698	0.5311	0.5166	0.5882	1.0000	0.5900	0.6047	0.6430
0.8152	0.7820	0.4725	0.8139	0.6202	0.8774	0.5252	0.6334	0.5444	0.7325	0.6649	0.6501	0.5771	0.5111	0.7179	0.6443	0.6117	0.5169	0.5840	0.6047	0.5511	0.6240	0.6069	0.6435	0.7429	0.7054	0.5900	1.0000	0.7432	0.7942
0.7381	0.7944	0.5188	0.8105	0.6683	0.7622	0.5741	0.6345	0.5392	0.6447	0.5934	0.7050	0.5955	0.5074	0.8726	0.6467	0.6604	0.5113	0.5281	0.6740	0.6389	0.6167	0.6488	0.6407	0.6401	0.8032	0.6047	0.7432	1.0000	0.7979
0.7822	0.9349	0.4823	0.8935	0.6261	0.8047	0.5287	0.6623	0.5005	0.6624	0.6182	0.6675	0.5404	0.5240	0.8150	0.6642	0.6128	0.4749	0.5488	0.6075	0.5780	0.5789	0.6137	0.6020	0.6753	0.7849	0.6430	0.7942	0.7979	1.0000
